#13 ONUs
# id src init_time waited_time freq processed_time
0 2 0.01916394604262564 0.0017360539573742888 0 0.021699999999999924
0 12 0.025731130406812203 0.0017688695931876858 0 0.028299999999999884
0 5 0.03143139019384575 0.0017686098061541755 0 0.03399999999999995
0 7 0.03589956436447291 0.0018004356355271409 0 0.038500000000000076
0 6 0.042071167794681674 0.0018288322053185563 0 0.04470000000000025
1 12 0.0456286285534322 0.0017713714465681304 0 0.048200000000000354
1 2 0.048083624702173526 0.0018163752978268763 0 0.050700000000000425
0 10 0.05888798286741187 0.0018120171325888418 0 0.061500000000000735
1 5 0.07707365863239174 0.0018263413676094936 0 0.07970000000000126
1 7 0.0800754492040752 0.0018245507959261248 0 0.08270000000000134
0 0 0.09413461300639235 0.0017653869936093691 0 0.09670000000000174
0 11 0.09440341440409553 0.0017965855959062027 0 0.09740000000000176
1 0 0.09991354476035261 0.0017864552396492789 0 0.10250000000000191
2 5 0.1266162881988765 0.001783711801125687 0 0.1292000000000021
2 0 0.12705459909757508 0.0017454009024270578 0 0.130000000000002
1 10 0.13483410898322634 0.0017658910167749342 0 0.1374000000000012
2 10 0.1474304278425022 0.0017695721574976786 0 0.1499999999999998
0 8 0.15721666403427928 0.0017833359657195291 0 0.15979999999999872
2 2 0.15762087185725257 0.0017791281427461947 0 0.16059999999999863
3 5 0.16175656830464621 0.001743431695352099 0 0.16429999999999823
0 9 0.1671379775290686 0.001762022470929131 1 0.16969999999999763
0 1 0.16785999157593773 0.0017400084240599134 1 0.17049999999999754
1 9 0.17425833131582763 0.0017416686841693063 1 0.17679999999999685
0 4 0.18054749771124018 0.0017525022887560637 1 0.18309999999999615
1 6 0.1862948465120675 0.0018051534879280906 0 0.18889999999999552
2 6 0.20384833453328544 0.001751665466708241 0 0.2063999999999936
0 3 0.20798457208497187 0.0018154279150213448 1 0.21059999999999313
2 12 0.22294372784021535 0.0017562721597762232 0 0.22549999999999149
3 0 0.24127260042353255 0.0018273995764570006 0 0.24389999999998946
1 8 0.15827598351214536 0.0856240164878441 0 0.24469999999998937
2 8 0.24213370804891837 0.0017662919510710862 0 0.24469999999998937
3 12 0.25407650707369167 0.001823492926296466 0 0.25669999999998805
3 2 0.2546010130437484 0.001798986956239701 0 0.25749999999998796
1 11 0.26365663839136744 0.0017433616086196535 0 0.266199999999987
4 2 0.2729400622652546 0.001759937734731487 0 0.275499999999986
1 4 0.28192904307292277 0.001770956927062306 1 0.284499999999985
1 1 0.30212815492768313 0.0017718450722997159 1 0.30469999999998276
4 12 0.30898544254771954 0.0018145574522625552 0 0.311599999999982
2 1 0.3133850181258356 0.0018149818741460266 1 0.3159999999999815
4 5 0.31978489581988956 0.0018151041800913426 0 0.3223999999999808
3 8 0.32518941161137216 0.0018105883886081475 0 0.3277999999999802
4 8 0.32825241913142944 0.0017475808685505356 0 0.3307999999999799
5 8 0.3287045458181607 0.0012954541818192555 0 0.3307999999999799
4 0 0.35019583599904114 0.0018041640009364146 0 0.35279999999997746
1 3 0.3566083181023576 0.0017916818976192461 1 0.35919999999997676
3 1 0.35712654511355846 0.0017734548864183353 1 0.35999999999997667
3 6 0.38071824476838556 0.0017817552315886331 0 0.3832999999999741
6 8 0.3888644457155274 0.0017355542844458838 0 0.3913999999999732
3 10 0.40560787064382653 0.0017921293561449225 0 0.40819999999997136
7 8 0.40757115775389224 0.0018288422460789877 0 0.41019999999997114
2 11 0.4129902641240668 0.0018097358759038285 0 0.41559999999997055
3 11 0.41595538165132284 0.0017446183486474753 0 0.41849999999997023
5 0 0.4187039777452115 0.0017960222547585003 0 0.4212999999999699
5 12 0.4233003278418189 0.0017996721581505781 0 0.4258999999999694
4 1 0.4298483086632616 0.0017516913367071618 1 0.4323999999999687
2 7 0.4317566660001604 0.0017433339998081943 0 0.4342999999999685
4 6 0.44462626348395073 0.001773736516016422 0 0.44719999999996707
4 11 0.4518774106550043 0.0018225893449620445 0 0.45449999999996626
2 4 0.4559460250732847 0.0017539749266812232 1 0.4584999999999658
3 4 0.46832985771492464 0.0017701422850399107 1 0.47089999999996446
5 11 0.477784140884752 0.0018158591152114822 0 0.4803999999999634
6 0 0.4784630152656508 0.0017369847343126077 0 0.4811999999999633
4 4 0.4805922583850481 0.0018077416149150927 1 0.4831999999999631
5 6 0.48385753579608914 0.0017424642038736948 0 0.48639999999996275
6 11 0.4926603229712849 0.0017396770286769447 0 0.4951999999999618
5 2 0.4950750774133505 0.0018249225866110996 0 0.4976999999999615
7 11 0.49527356152475227 0.00202643847520928 0 0.4984999999999614
8 8 0.5150119725837189 0.0017880274162405119 0 0.5175999999999593
5 4 0.5166139743831356 0.0017860256168236166 1 0.5191999999999591
6 4 0.5190908205084426 0.0018091794915163772 1 0.5216999999999589
2 3 0.5210722580557765 0.0018277419441822262 1 0.5236999999999586
3 3 0.5305974839974275 0.00180251600253023 1 0.5331999999999576
9 8 0.5438681235811573 0.0018318764187988945 0 0.5464999999999561
3 7 0.5444284807592534 0.0017715192407027347 0 0.547299999999956
6 2 0.5451586891823526 0.0017413108176035363 0 0.547999999999956
7 0 0.5631327791167947 0.0017672208831593927 0 0.565699999999954
7 2 0.5658872625329839 0.0018127374669698604 0 0.5684999999999537
6 12 0.5679823704054809 0.001817629594472625 0 0.5705999999999535
8 11 0.5942610760884793 0.0017389239114713462 0 0.5967999999999506
5 5 0.5942776433876267 0.0021223566123239612 0 0.5975999999999505
10 8 0.5962345407460009 0.0017654592539495528 0 0.5987999999999504
9 11 0.5973251274943834 0.00177487250556696 0 0.5998999999999503
5 1 0.5993061760391274 0.0017938239608227269 1 0.60189999999995
6 6 0.6024590836786491 0.0017409163213006895 0 0.6049999999999497
8 2 0.6033324900924729 0.0017675099074767608 0 0.6058999999999496
10 11 0.6045627153409072 0.0017372846590423263 0 0.6070999999999495
7 4 0.6146030556651123 0.0017969443348361258 1 0.6171999999999483
6 1 0.6205002490288358 0.0017997509711119575 1 0.6230999999999477
9 2 0.6307344617766522 0.001765538223294505 0 0.6332999999999466
11 8 0.6422870135764991 0.0018129864234462945 0 0.6448999999999453
6 5 0.6483684323257858 0.0018315676741589293 0 0.6509999999999446
7 6 0.6558959278148048 0.0018040721851391162 0 0.6584999999999438
2 9 0.6599981784055389 0.0018018215944045624 1 0.6625999999999433
7 12 0.690309364030831 0.0017906359691091112 0 0.69289999999994
10 2 0.6982249845254197 0.0017750154745195257 0 0.7007999999999391
11 2 0.6985701298543772 0.0014298701455620622 0 0.7007999999999391
7 1 0.7057245930922441 0.001775406907694288 1 0.7082999999999383
8 0 0.7088814014240337 0.0018185985759043843 0 0.711499999999938
7 5 0.7134609736473946 0.0017390263525429717 0 0.7159999999999375
4 10 0.7390021315626305 0.0017978684373042286 0 0.7415999999999346
9 0 0.7432277622149651 0.001772237784969155 0 0.7457999999999342
12 2 0.7450642607327607 0.0017357392671734084 0 0.747599999999934
8 12 0.7641814571816555 0.0018185428182764252 0 0.7667999999999319
12 8 0.7883678900453899 0.0018321099545394182 0 0.7909999999999292
9 12 0.7886323169331237 0.0019676830668055034 0 0.7917999999999291
8 1 0.7901903532308188 0.001809646769110329 1 0.792799999999929
8 5 0.7957829314508423 0.0018170685490861427 0 0.7983999999999284
10 12 0.8199297858384238 0.0017702141615020262 0 0.8224999999999257
11 12 0.8277022215715755 0.0017977784283494946 0 0.8302999999999249
9 5 0.8319636693013315 0.001736330698593025 0 0.8344999999999244
8 6 0.8418120420121743 0.0017879579877491114 0 0.8443999999999233
12 12 0.8421665791557876 0.0018334208441357358 0 0.8451999999999232
5 10 0.8504512957902662 0.0017487042096562266 0 0.8529999999999224
4 3 0.8530906244076234 0.0018093755922987675 1 0.8556999999999221
10 5 0.859317745331173 0.0017822546687484841 0 0.8618999999999214
8 4 0.867844450502032 0.0017555494978885866 1 0.8703999999999205
9 1 0.8703512309099318 0.0017487690899884445 1 0.8728999999999202
10 0 0.8893948042156192 0.0018051957842989408 0 0.8919999999999181
11 0 0.8929137843621614 0.0017862156377563831 0 0.8954999999999177
4 7 0.9029640598362139 0.0017359401637028204 0 0.9054999999999166
11 11 0.9168892142460325 0.0018107857538826044 0 0.919499999999915
12 0 0.9341342918054217 0.001765708194491511 0 0.9366999999999132
9 6 0.9415544092752468 0.0017455907246656244 0 0.9440999999999123
6 10 0.9534690108798018 0.001830989120109261 0 0.956099999999911
13 8 0.9574244294739372 0.0017755705259734356 0 0.9599999999999106
7 10 0.9600131904410897 0.0017868095588207122 0 0.9625999999999103
8 10 0.9663959010798366 0.0018040989200730495 0 0.9689999999999096
13 2 0.9704216916013263 0.0017783083985829506 0 0.9729999999999092
5 7 0.9936475960623143 0.0017524039375923506 0 0.9961999999999066
9 4 0.9977951574337152 0.0018048425661910672 1 1.0003999999999063
3 9 1.0023096613453992 0.001790338654506618 1 1.0048999999999058
14 8 1.003545890274406 0.0017541097254996085 0 1.0060999999999056
12 11 1.004692329781885 0.0018076702180205295 0 1.0072999999999055
4 9 1.00815976418325 0.0017402358166551668 1 1.0106999999999051
13 12 1.0213394882581004 0.0017605117418033611 0 1.0238999999999037
5 9 1.0306388296228695 0.001761170377033272 1 1.0331999999999026
13 0 1.0387035229638526 0.0017964770360492377 0 1.0412999999999017
5 3 1.073213317857368 0.0017866821425300827 1 1.075799999999898
15 8 1.0891755736559026 0.0018244263439937125 0 1.0917999999998962
10 1 1.0893999391215448 0.002000060878351473 1 1.0920999999998962
6 3 1.1053479683711511 0.001752031628743378 1 1.1078999999998944
14 12 1.1109738978013068 0.0018261021985870318 0 1.1135999999998938
6 7 1.1117064806410102 0.0017935193588836107 0 1.1143999999998937
16 8 1.112178496071338 0.0018215039285558454 0 1.1150999999998936
17 8 1.1162527282093535 0.001747271790539795 0 1.1187999999998932
14 0 1.1219889950531854 0.001811004946707273 0 1.1245999999998926
6 9 1.126524484000767 0.0017755159991250657 1 1.129099999999892
9 10 1.142154698295541 0.001745301704349389 0 1.1446999999998904
10 6 1.156390688217183 0.0018093117827058247 0 1.1589999999998888
15 0 1.167149127133777 0.001750872866110642 0 1.1696999999998876
16 0 1.1912355586236596 0.0017644413762254452 0 1.193799999999885
17 0 1.1926579993132365 0.0003420006866485803 0 1.193799999999885
13 11 1.1933130096981825 0.0017869903017022626 0 1.1958999999998847
7 7 1.1950688149117057 0.0018311850881789216 0 1.1976999999998845
11 5 1.2019120815510242 0.0017879184488596156 0 1.2044999999998838
18 0 1.2046848026467416 0.0018151973531419507 0 1.2072999999998835
8 7 1.209320773831095 0.0017792261687881172 0 1.211899999999883
10 4 1.2108320537382133 0.0018679462616695286 1 1.2134999999998828
19 0 1.213100612277808 0.0017993877220745524 0 1.2156999999998825
10 10 1.2133083070019381 0.0019916929979444387 0 1.2164999999998825
12 5 1.2222955625505005 0.00180443744938108 0 1.2248999999998815
15 12 1.2396366277104094 0.0017633722894703219 0 1.2421999999998796
9 7 1.2408611289045337 0.001738871095345873 0 1.2433999999998795
10 7 1.2501592469938174 0.0017407530060611354 0 1.2526999999998785
11 1 1.2577996078002225 0.0018003921996552208 1 1.2603999999998776
16 12 1.2696746111450483 0.0018253888548280806 0 1.2722999999998763
11 10 1.2802681531749713 0.0018318468249038933 0 1.2828999999998751
11 6 1.2804532622442806 0.0020467377555946076 0 1.283699999999875
18 8 1.2851811013162107 0.0018188986836640275 0 1.2877999999998746
11 7 1.3069643093267473 0.0017356906731249566 0 1.3094999999998722
17 12 1.3211706526667681 0.0018293473331025822 0 1.3237999999998706
13 5 1.3365318847256427 0.0017681152742263784 0 1.339099999999869
7 9 1.3408562029679907 0.0017437970318778806 1 1.3433999999998685
12 6 1.345386331110168 0.0018136688897001374 0 1.347999999999868
13 6 1.3557171740732101 0.0017828259266567947 0 1.3582999999998668
14 6 1.3561851797447966 0.001314820255070348 0 1.3582999999998668
14 11 1.360471612035894 0.0018283879639724443 0 1.3630999999998663
11 4 1.382076485464542 0.001823514535322035 1 1.384699999999864
20 0 1.3836587233601771 0.0018412766396866953 0 1.3862999999998638
12 10 1.3878756010524047 0.001824398947458672 0 1.3904999999998633
8 9 1.411668130523426 0.0018318694764347665 1 1.4142999999998607
7 3 1.4172474393795604 0.0017525606202997146 1 1.41979999999986
14 5 1.4190687451805943 0.0018312548192656042 0 1.4216999999998599
13 10 1.4431876735224018 0.0018123264774554393 0 1.4457999999998572
12 7 1.4465990204653116 0.0018009795345452773 0 1.4491999999998568
21 0 1.4468762094858894 0.001923790513967516 0 1.4499999999998567
14 2 1.4476769838778205 0.0018230161220362806 0 1.4506999999998567
19 8 1.4596024654054915 0.0017975345943639365 0 1.4621999999998554
9 9 1.4597018196758904 0.0020981803239650265 1 1.4624999999998554
20 8 1.4682459126357856 0.0017540873640689014 0 1.4707999999998544
12 1 1.485793074679623 0.0018069253202295243 1 1.4883999999998525
21 8 1.5111866320935725 0.0018133679062772856 0 1.5137999999998497
13 7 1.5227418838075018 0.0017581161923467814 0 1.5252999999998484
12 4 1.5365840510550575 0.001815948944789536 1 1.539199999999847
15 5 1.5474275515045912 0.0017724484952545971 0 1.5499999999998457
18 12 1.551866617811196 0.0017333821886493794 0 1.5543999999998452
19 12 1.5558640166467501 0.0017359833530947721 0 1.5583999999998448
22 0 1.55590415710609 0.0020958428937547513 0 1.5591999999998447
13 1 1.5608792135777263 0.0018207864221180259 1 1.5634999999998442
10 9 1.5808014120927947 0.0017985879070474553 1 1.583399999999842
15 6 1.582928880332315 0.0017711196675269658 0 1.5854999999998418
8 3 1.5884683233357588 0.00183167666408246 1 1.5910999999998412
14 1 1.6000645604705679 0.0017354395292721314 1 1.60259999999984
16 6 1.6008495626841897 0.0017504373156502773 0 1.6033999999998398
13 4 1.6228414121700612 0.0017585878297763369 1 1.6253999999998374
17 6 1.6240578300548572 0.0017421699449802208 0 1.6265999999998373
9 3 1.639945559425865 0.0017544405739706725 1 1.6424999999998355
15 1 1.6442013241470597 0.0017986758527754887 1 1.646799999999835
14 7 1.647728832951844 0.0017711670479907404 0 1.6502999999998347
15 11 1.6530055286270797 0.0017944713727544581 0 1.655599999999834
18 6 1.654207687980765 0.0017923120190690423 0 1.656799999999834
15 7 1.6555068147165435 0.0017931852832904216 0 1.6580999999998338
23 0 1.6573866183245123 0.0018133816753214127 0 1.6599999999998336
24 0 1.6811325578023313 0.0017674421974998022 0 1.683699999999831
14 10 1.6874094145857896 0.0017905854140407573 0 1.6899999999998303
16 5 1.6905132803461773 0.0017867196536527352 0 1.69309999999983
15 2 1.6924159460549848 0.0017840539448450432 0 1.6949999999998298
11 9 1.6953899351675044 0.0018100648323251534 1 1.6979999999998294
17 5 1.710904510472096 0.0017954895277318972 0 1.7134999999998277
20 12 1.714725499096465 0.001774500903362286 0 1.7172999999998273
16 2 1.7256575253619044 0.0017424746379217648 0 1.728199999999826
22 8 1.7279846154808471 0.0018153845189787798 0 1.7305999999998258
16 1 1.7426050171580703 0.0017949828417540559 1 1.7451999999998242
23 8 1.7503187645127771 0.0017812354870463398 0 1.7528999999998234
12 9 1.7510792704338336 0.001820729565989776 1 1.7536999999998233
24 8 1.7601119429164298 0.0017880570833925802 0 1.7626999999998223
18 5 1.7617518046145109 0.0017481953853113463 0 1.7642999999998221
15 10 1.7673196770595951 0.001780322940226453 0 1.7698999999998215
17 2 1.7748970128911838 0.001802987108636911 0 1.7774999999998207
16 10 1.7782786604593264 0.0018213395404940158 0 1.7808999999998203
16 11 1.7823147242500668 0.001785275749753179 0 1.7848999999998199
16 7 1.7904577088691762 0.0017422911306428368 0 1.792999999999819
19 5 1.7947855996573 0.0018144003425186739 0 1.7973999999998185
13 9 1.7987909578620134 0.0018090421378047505 1 1.801399999999818
21 12 1.800317607680546 0.0018823923192718972 0 1.8029999999998179
19 6 1.8039991113292342 0.001800888670583367 0 1.8065999999998175
22 12 1.8256048438104922 0.0017951561893230217 0 1.828199999999815
17 1 1.831691619917948 0.0018083800818664564 1 1.8342999999998144
18 1 1.8370780647933047 0.0018219352065091954 1 1.8396999999998138
19 1 1.8418992683279796 0.0018007316718338107 1 1.8444999999998133
17 11 1.8479873926914532 0.0018126073083595262 0 1.8505999999998126
20 6 1.8588351958556142 0.0017648041441973294 0 1.8613999999998114
21 6 1.8591990181789821 0.0014009818208293723 0 1.8613999999998114
25 0 1.8593671274266288 0.0018328725731826534 0 1.8621999999998113
20 1 1.8687036581382028 0.0017963418616075977 1 1.8712999999998103
17 10 1.8720025074030786 0.0017974925967314537 0 1.87459999999981
21 1 1.8960859981568274 0.0018140018429799731 1 1.8986999999998073
14 9 1.9084542042153312 0.0017457957844748684 1 1.910999999999806
25 8 1.9145409561133488 0.001759043886456535 0 1.9170999999998053
22 1 1.917773917251728 0.0018260827480769404 1 1.920399999999805
18 10 1.9209568739350555 0.0017431260647491342 0 1.9234999999998046
23 12 1.9212244202585078 0.0018755797412968178 0 1.9242999999998045
19 10 1.9348668875700676 0.001833112429735495 0 1.937499999999803
15 9 1.9400301597066083 0.0017698402931942692 1 1.9425999999998025
26 0 1.945370006998347 0.0018299930014549215 0 1.947999999999802
26 8 1.9540465205817807 0.0017534794180202873 0 1.956599999999801
27 0 1.9625700379309905 0.0018299620688095874 0 1.9651999999998
22 6 1.9755920415261625 0.0018079584736361287 0 1.9781999999997986
18 2 1.9785353722891177 0.001764627710680644 0 1.9810999999997982
17 7 1.9825294255234385 0.0017705744763594211 0 1.9850999999997978
19 2 2.000288232505721 0.0018117674940794082 0 2.0028999999998023
16 9 2.002970878934418 0.0018291210653882395 1 2.005599999999808
18 7 2.0081479874776194 0.001752012522197699 0 2.0106999999998187
24 12 2.0133745342092055 0.0018254657906227045 0 2.01599999999983
14 4 2.014065593247902 0.0017344067519275974 1 2.016599999999831
27 8 2.055305920218186 0.0017940797817308507 0 2.0578999999999184
23 6 2.0584294264958274 0.0017705735040958182 0 2.060999999999925
20 5 2.0592381270204028 0.0017618729795221277 0 2.0617999999999266
21 5 2.061776279478885 0.0018237205210454022 0 2.064399999999932
15 4 2.0698605123991656 0.0017394876007816862 1 2.072399999999949
19 7 2.07893104017255 0.0017689598274164275 0 2.081499999999968
20 7 2.0815121512400907 0.0017878487598812498 0 2.0840999999999736
21 7 2.0824690292751624 0.0008309707248095322 0 2.0840999999999736
28 0 2.0823602396250536 0.001739760374920074 0 2.0848999999999753
22 5 2.090348267685668 0.0017517323143225738 0 2.092899999999992
25 12 2.095130095372573 0.0017699046274275432 0 2.0977000000000023
23 1 2.0962572312826806 0.0017427687173223738 1 2.0988000000000047
26 12 2.1068853167789157 0.0018146832211098918 0 2.1095000000000272
22 7 2.1349670335162068 0.0018329664838780957 0 2.1376000000000865
28 8 2.19896817945857 0.0018318205416498756 0 2.2016000000002216
17 9 2.2063175434272444 0.0017824565729909203 1 2.208900000000237
20 2 2.207934266071769 0.0017657339284697926 0 2.2105000000002404
21 2 2.2095080213502554 0.001791978649986703 0 2.2121000000002438
24 1 2.2150695342273328 0.0018304657729211193 1 2.2177000000002556
18 9 2.2182386136914594 0.0017613863088010717 1 2.220800000000262
29 0 2.2200238310128855 0.0017761689873787567 0 2.222600000000266
27 12 2.22153043685185 0.0018695631484177966 0 2.2242000000002693
25 1 2.232306055312032 0.001793944688257998 1 2.234900000000292
23 7 2.235410243738547 0.0017897562617497087 0 2.2380000000002984
30 0 2.235466814960287 0.002033185040010377 0 2.2387000000003
23 5 2.2410776030530952 0.0018223969472135337 0 2.2437000000003104
26 1 2.2464062625025165 0.001793737497803427 1 2.2490000000003216
24 5 2.2479678306345585 0.001832169365764802 0 2.250600000000325
20 10 2.2568627782127404 0.001737221787601495 0 2.2594000000003436
28 12 2.2666391750614827 0.001760824938879857 0 2.2692000000003643
16 4 2.280948533688762 0.0017514663116307005 1 2.2835000000003944
25 5 2.2811160635134224 0.0017839364869707275 0 2.283700000000395
18 11 2.2845118274508027 0.001788172549597622 0 2.287100000000402
21 10 2.3001671535392214 0.0018328464612120676 0 2.302800000000435
31 0 2.302125245652869 0.0017747543475685745 0 2.304700000000439
22 10 2.309400182483894 0.0017998175165589991 0 2.3120000000004546
22 2 2.3099837259766427 0.0018162740238114594 0 2.312700000000456
26 5 2.3180767609076196 0.0018232390928516473 0 2.320700000000473
17 4 2.328017810677865 0.0017821893226273033 1 2.330600000000494
27 5 2.328394558898645 0.0018054411018479932 0 2.3310000000004947
29 8 2.3340471010809525 0.001752898919552326 0 2.3366000000005065
23 10 2.3666019334873543 0.001798066513219343 0 2.3692000000005753
19 9 2.381601705815474 0.0017982941851313328 1 2.384200000000607
20 9 2.3899120814469015 0.0017879185537212905 1 2.3925000000006245
24 10 2.400669298549265 0.0018307014513805342 0 2.4033000000006473
24 6 2.407468138684047 0.0018318613166128372 0 2.4101000000006616
29 12 2.4122412264804876 0.0017587735201822774 0 2.4148000000006715
25 10 2.416515982030414 0.0017840179702650616 0 2.4191000000006806
21 9 2.4176400463798586 0.0017599536208225963 1 2.420200000000683
30 8 2.427784215261492 0.0018157847392106241 0 2.4304000000007044
28 5 2.430240911768545 0.0017590882321627532 0 2.4328000000007095
19 11 2.4322954418975895 0.0018045581031227442 0 2.434900000000714
30 12 2.433398698024662 0.0018013019760525495 0 2.4360000000007163
25 6 2.4359382970333914 0.0017617029673284712 0 2.4385000000007215
22 9 2.4522022596273523 0.0017977403734019681 1 2.454800000000756
24 7 2.469177315073072 0.00182268492771831 0 2.471800000000792
32 0 2.476403535429175 0.0017964645716301852 0 2.479000000000807
31 8 2.476900526317369 0.0017994736834374692 0 2.4797000000008085
33 0 2.482921260767138 0.0017787392336812147 0 2.4855000000008207
23 2 2.492751322961253 0.001748677039586699 0 2.4953000000008414
25 7 2.4935391120845525 0.0017608879162889224 0 2.496100000000843
18 4 2.4990197288050413 0.0017802711958117001 1 2.5016000000008547
19 4 2.501370368544248 0.0018296314566099703 1 2.5040000000008598
26 10 2.5147980657032316 0.0018019342976547392 0 2.517400000000888
29 5 2.519524043625612 0.00177595637528416 0 2.522100000000898
26 7 2.524081460909147 0.0018185390917588862 0 2.5267000000009077
20 4 2.5380155998161573 0.00178440018477799 1 2.540600000000937
30 5 2.540470748227764 0.001829251773176388 0 2.5431000000009423
31 5 2.543764721912944 0.0017352780880033336 0 2.546300000000949
27 1 2.5507253669976544 0.001774633003307713 1 2.553300000000964
32 5 2.5568165245431134 0.0017834754578616163 0 2.5594000000009767
32 8 2.5750104273419225 0.0017895726590908545 0 2.577600000001015
24 2 2.575098268947519 0.002001731053494993 0 2.5783000000010166
33 5 2.577624986407474 0.0017750135935448164 0 2.5802000000010206
34 0 2.581852125147096 0.0017478748539319078 0 2.5844000000010294
28 1 2.5877521011139737 0.0017478988870665013 1 2.590300000001042
23 9 2.5962371599373926 0.0017628400636655606 1 2.59880000000106
20 11 2.602737919102027 0.0017620808990450598 0 2.6053000000010735
10 3 2.6045709738462484 0.0018290261548274955 1 2.6072000000010775
21 4 2.6065039249812076 0.001796075019872223 1 2.6091000000010816
31 12 2.6079075262912936 0.0017924737097891885 0 2.6105000000010845
27 10 2.6160438149149408 0.0017561850861591566 0 2.6186000000011016
29 1 2.6174792456751277 0.0019207543259756044 1 2.620200000001105
22 4 2.6246067986648742 0.0017932013362438326 1 2.6272000000011198
21 11 2.626388192938252 0.0018118070628698746 0 2.6290000000011235
26 6 2.631680211023764 0.001819788977369008 0 2.6343000000011347
34 5 2.6335770240314638 0.0018229759696732906 0 2.6362000000011387
25 2 2.645959481563121 0.0017405184380421268 0 2.6485000000011647
32 12 2.646126106074957 0.0018738939262066268 0 2.649200000001166
11 3 2.648009995474501 0.0017900045266663334 1 2.650600000001169
27 7 2.648515908693895 0.0017840913072735276 0 2.65110000000117
23 4 2.651742620104108 0.0017573798970671461 1 2.654300000001177
35 0 2.667212894551865 0.0017871054493427962 0 2.6698000000012096
24 9 2.6791740771230677 0.0018259228781656311 1 2.681800000001235
33 12 2.6810856003630446 0.001814399638192743 0 2.683700000001239
33 8 2.6854395969760345 0.001760403025211854 0 2.688000000001248
27 6 2.68854962352615 0.0017503764751030104 0 2.6911000000012546
12 3 2.708105325633703 0.0017946743675913979 1 2.710700000001296
28 10 2.722493589002549 0.0018064109987756538 0 2.7251000000013264
34 12 2.724473899770658 0.0018261002306707574 0 2.7271000000013306
35 12 2.7496608395802262 0.0017391604211556277 0 2.7522000000013835
35 5 2.7504781351676777 0.001821864833706055 0 2.7531000000013854
36 0 2.7620439777690766 0.0017560222323314 0 2.7646000000014097
22 11 2.7993419253773864 0.0017580746241003808 0 2.8019000000014884
25 9 2.800030646120724 0.0017693538807641573 1 2.80260000000149
24 4 2.8100751250047757 0.001824874996733783 1 2.812700000001511
29 10 2.810529211724754 0.0017707882767563632 0 2.813100000001512
37 0 2.823698483992914 0.0018015160086242155 0 2.82630000000154
36 5 2.835611955433046 0.001788044568517222 0 2.838200000001565
30 1 2.846179800097718 0.0018201999038676142 1 2.8488000000015874
25 4 2.856784301914125 0.001815698087483053 1 2.8594000000016098
28 7 2.8607374191572847 0.0017625808443315627 0 2.863300000001618
31 1 2.8657132872830764 0.001786712718550465 1 2.8683000000016285
23 11 2.8712739799001037 0.0018260201015349864 0 2.8739000000016404
38 0 2.8749357852627018 0.0017642147389445029 0 2.877500000001648
13 3 2.875892999521377 0.0018070004802712702 1 2.87850000000165
32 1 2.8811811269699206 0.001818873031738999 1 2.8838000000016613
34 8 2.89802047575917 0.0017795242425249214 0 2.9006000000016967
36 12 2.910111233298173 0.0017887667035476618 0 2.9127000000017222
37 5 2.912770126780635 0.0018298732210912938 0 2.915400000001728
37 12 2.9180881508704686 0.0018118491312688612 0 2.920700000001739
26 2 2.921861881616018 0.0017381183857274607 0 2.924400000001747
29 7 2.9369996260959033 0.0018003739058740642 0 2.939600000001779
38 5 2.939014770699711 0.00178522930207059 0 2.9416000000017832
28 6 2.94876215150029 0.0017378485015120404 0 2.9513000000018037
14 3 2.949370447810769 0.0018295521910345336 1 2.952000000001805
38 12 2.9626243607845453 0.0017756392172860735 0 2.965200000001833
26 9 2.9652906508990866 0.001809349102750435 1 2.9679000000018387
26 4 2.967817594174436 0.001782405827406297 1 2.970400000001844
27 9 2.972145608593755 0.0017543914080961898 1 2.974700000001853
30 10 2.9865881080798196 0.0018118919220624363 0 2.9892000000018837
31 10 2.988272659338304 0.0018273406635813672 0 2.9909000000018873
33 1 2.9989515193635925 0.0017484806383154528 1 3.0015000000019096
27 4 3.0276596931404582 0.0017403068615102768 1 3.03020000000197
39 5 3.0291255095671605 0.00187449043481136 0 3.0318000000019736
40 5 3.038666901611735 0.0018330983902568043 0 3.0413000000019936
32 10 3.0401093669071133 0.0017906330948815885 0 3.0427000000019966
28 4 3.0428644472415325 0.0017355527604681065 1 3.0454000000020023
33 10 3.0454325480192987 0.0017674519827073354 0 3.0480000000020078
34 1 3.050188090663876 0.0018119093381403495 1 3.052800000002018
29 6 3.057052437464506 0.0017475625375245052 0 3.0596000000020322
30 7 3.0672644235531865 0.0017355764488655723 0 3.0698000000020538
24 11 3.0924771691177466 0.0018228308843588614 0 3.095100000002107
35 8 3.11944661479468 0.0017533852074822498 0 3.122000000002164
41 5 3.1285574934776634 0.0017425065245180171 0 3.131100000002183
42 5 3.1337326351967505 0.0017673648054419289 0 3.136300000002194
30 6 3.14752069381332 0.0017793061889017636 0 3.1501000000022232
15 3 3.1484092240068406 0.0017907759953827984 1 3.151000000002225
39 12 3.1506464910887724 0.0017535089134557147 0 3.1532000000022298
31 7 3.1525443146076912 0.0017556853945408513 0 3.155100000002234
28 9 3.175300278898785 0.0017997211034952443 1 3.177900000002282
29 9 3.181255924351575 0.001744075650717658 1 3.1838000000022944
36 8 3.183482326050027 0.0018176739522703933 0 3.186100000002299
43 5 3.197301101873613 0.0017988981287135886 0 3.1999000000023283
27 2 3.1976284087596096 0.0017715912427176406 0 3.20060000000233
44 5 3.208908930881371 0.0017910691209799268 0 3.211500000002353
25 11 3.2119738418299595 0.0018261581723981735 0 3.2146000000023593
29 4 3.2359662180291213 0.0017337819732867743 1 3.23850000000241
32 7 3.243785113981518 0.0018148860209068474 0 3.2464000000024265
35 1 3.245892936903926 0.0018070630985032032 1 3.248500000002431
26 11 3.2488132700745633 0.0017867299278719884 0 3.251400000002437
36 1 3.2713575081241837 0.0017424918782991128 1 3.2739000000024845
30 9 3.2791627832735855 0.001737216728913804 1 3.281700000002501
31 9 3.2804053296097413 0.0004946703927579676 1 3.281700000002501
27 11 3.281446206760383 0.0017537932421212155 0 3.284000000002506
39 0 3.2853724222879976 0.0018275777145149164 0 3.2880000000025142
40 12 3.290716030318716 0.0017839696838075625 0 3.2933000000025254
34 10 3.2931531070778997 0.001746892924629151 0 3.2957000000025305
33 7 3.3012016094232703 0.001798390579275555 0 3.3038000000025476
31 6 3.30632489696076 0.0017751030417967328 0 3.3089000000025584
37 8 3.306740107417953 0.0017598925846042945 0 3.30960000000256
41 12 3.307675179103868 0.001824820898691737 0 3.3104000000025615
38 8 3.317895849596719 0.001804150405862348 0 3.320500000002583
32 6 3.3219982576254194 0.0018017423771703456 0 3.3246000000025915
30 4 3.329035320891801 0.0017646791108036908 1 3.3316000000026063
16 3 3.3319709681388354 0.0018290318637754766 1 3.3346000000026126
45 5 3.332399660156271 0.0018003398463406484 0 3.3350000000026134
31 4 3.338463433959497 0.001736566043127219 1 3.341000000002626
40 0 3.338711859469372 0.0017881405332529354 0 3.3413000000026267
32 4 3.3411727377841984 0.0018272622184318799 1 3.343800000002632
28 11 3.3462570598318435 0.0017429401707973469 0 3.3488000000026426
34 7 3.359825252533819 0.001774747468850535 0 3.3624000000026713
35 7 3.365502486612282 0.0017975133903997964 0 3.3681000000026833
46 5 3.3667079205434653 0.001792079459218776 0 3.369300000002686
42 12 3.396742811984279 0.0017571880184683586 0 3.399300000002749
17 3 3.399329004843353 0.001770995159399824 1 3.4019000000027546
39 8 3.404561781538402 0.0017382184643617293 0 3.4071000000027656
47 5 3.405759738038967 0.0017402619637993944 0 3.408300000002768
33 4 3.423874312556645 0.0018256874461597405 1 3.4265000000028065
48 5 3.4253681924740995 0.0019318075287086955 0 3.42810000000281
18 3 3.4355276562608106 0.0017723437420187338 1 3.438100000002831
40 8 3.4403930973956403 0.001806902607199401 0 3.4430000000028413
34 4 3.4410392078253356 0.0017607921775053548 1 3.4436000000028426
33 6 3.442824247166208 0.0017757528366368902 0 3.4454000000028464
41 8 3.453945801599647 0.0017541984032209967 0 3.45650000000287
43 12 3.4655966365938364 0.0018033634090564021 0 3.4682000000028945
29 11 3.465999173196719 0.0018008268061748822 0 3.468900000002896
36 7 3.479567750441671 0.0018322495612514977 0 3.482200000002924
34 6 3.4929874327452914 0.0018125672576592144 0 3.4956000000029523
32 9 3.5074423906889627 0.0017576093140183602 1 3.5100000000029827
35 10 3.5098971895104447 0.0018028104925416066 0 3.512500000002988
37 1 3.514431104959075 0.0017688950439209705 1 3.5170000000029975
28 2 3.5156522429518096 0.0017477570511887919 0 3.518200000003
36 10 3.5161150320985404 0.0017849679044590339 0 3.5189000000030015
37 10 3.5173355800863972 0.0005644199166021657 0 3.5189000000030015
35 4 3.536418115999057 0.001781884003985379 1 3.539000000003044
49 5 3.5390506137989663 0.0017493862040813823 0 3.5416000000030494
37 7 3.5401022955365367 0.0017977044665133946 0 3.5427000000030517
29 2 3.5402517954607013 0.001948204542349341 0 3.543400000003053
50 5 3.544238020335703 0.0017619796673558064 0 3.5468000000030604
30 2 3.5483282700309102 0.0017717299721571322 0 3.550900000003069
30 11 3.5503775762612704 0.0018224237418014155 0 3.5530000000030735
35 6 3.56043267893743 0.001767321065663019 0 3.5630000000030946
38 7 3.569342959578298 0.0017570404248137272 0 3.5719000000031134
36 4 3.584972422487311 0.0018275775158338448 1 3.5876000000031465
36 6 3.5942685647471913 0.0018314352559731795 0 3.596900000003166
19 3 3.6009531659723746 0.0017468340308037789 1 3.60350000000318
33 9 3.6348431054797827 0.0017568945234671673 1 3.6374000000032516
44 12 3.6350413585003665 0.001758641502883851 0 3.637600000003252
51 5 3.6364058038821083 0.001794196121144953 0 3.639000000003255
52 5 3.654384047137419 0.0018159528658721058 0 3.657000000003293
41 0 3.6690396326508674 0.0017603673524546615 0 3.6716000000033238
38 10 3.678333841912718 0.0017661580906236374 0 3.6809000000033434
31 2 3.6812966146064134 0.001803385396934587 0 3.6839000000033497
38 1 3.683665360718421 0.0017346392849320047 1 3.6862000000033546
39 10 3.7019316410327376 0.0017683589706538605 0 3.704500000003393
39 1 3.732913061284252 0.0017869387192051 1 3.7355000000034586
40 10 3.7344554136084085 0.001844586395051806 0 3.737100000003462
39 7 3.7459593885972566 0.0017406114062277211 0 3.748500000003486
34 9 3.7472672406631284 0.0018327593403588693 1 3.749900000003489
37 4 3.7536186733972716 0.0017813266062289834 1 3.7562000000035023
35 9 3.7550432365248514 0.001756763478652168 1 3.7576000000035052
41 10 3.7666297456959157 0.0017702543076123511 0 3.7692000000035297
37 6 3.7671521374045707 0.0017478625989584273 0 3.769900000003531
36 9 3.7785019364888135 0.0017980635147396562 1 3.781100000003555
53 5 3.7798545353907254 0.0017454646128305384 0 3.7824000000035576
42 10 3.7919804343389596 0.001819565664622047 0 3.7946000000035833
37 9 3.8167214893087142 0.0017785106949195217 1 3.8193000000036355
43 10 3.8300644933134453 0.0017355066902164928 0 3.8326000000036635
38 4 3.8360958959188656 0.0018041040848091328 1 3.8387000000036764
40 1 3.8388220167865903 0.0017779832170901066 1 3.841400000003682
40 7 3.8532565183168366 0.0017434816868742153 0 3.8558000000037125
31 11 3.853944073489061 0.0017559265146513958 0 3.856500000003714
32 2 3.8549317746250926 0.0017682253786217572 0 3.857500000003716
39 4 3.8708804563140693 0.0018195436896788486 1 3.87350000000375
40 4 3.871796508071406 0.0009034919323420709 1 3.87350000000375
41 7 3.873408491331156 0.0017915086725972529 0 3.876000000003755
45 12 3.8761840101785867 0.0018159898251726148 0 3.878800000003761
41 4 3.880969617471178 0.0018303825325913792 1 3.883600000003771
42 7 3.887927600708817 0.0017723992949671974 0 3.8905000000037857
54 5 3.889014159685202 0.0017858403185844196 0 3.891600000003788
44 10 3.895667689316706 0.0018323106870945516 0 3.898300000003802
42 0 3.911013181466177 0.0017868185376559431 0 3.9136000000038345
42 8 3.9124520403325818 0.0017479596712539625 0 3.9150000000038374
55 5 3.9189341949132013 0.0017658050906481648 0 3.921500000003851
46 12 3.930664196397842 0.0017358036060319826 0 3.933200000003876
43 8 3.935026826329573 0.001773173674310513 0 3.937600000003885
43 0 3.936076057276264 0.0018239427276216524 0 3.9387000000038874
42 4 3.9779610210877 0.0017389789162738367 1 3.9805000000039756
20 3 3.9866212740543467 0.0017787259496455654 1 3.989200000003994
38 6 3.993390537149179 0.001809462854827526 0 3.9960000000040083
38 9 4.007763197533389 0.0017368024706048146 1 4.010300000003992
56 5 4.008488448615414 0.0018115513885783585 0 4.0111000000039905
39 9 4.011876223073926 0.0018237769300579743 1 4.0145000000039825
47 12 4.022763303415552 0.0017366965884075825 0 4.025300000003957
41 1 4.026991580388083 0.001808419615866086 1 4.029600000003947
43 7 4.042374774421581 0.001825225582332557 0 4.0450000000039115
32 11 4.055590873331652 0.0018091266722306543 0 4.058200000003881
57 5 4.066418720114087 0.001781279889770282 0 4.0690000000038555
21 3 4.068011785974483 0.0017882140293705717 1 4.070600000003852
45 10 4.085301685807956 0.001798314195857742 0 4.0879000000038115
43 4 4.1122701697866 0.001829830217149997 1 4.114900000003749
39 6 4.122053792039337 0.0017462079643904005 0 4.124600000003726
33 11 4.1264882732525185 0.0018117267511987833 0 4.1291000000037155
33 2 4.127974357267373 0.0019256427363405493 0 4.130700000003712
44 0 4.134272411135839 0.0018275888678598307 0 4.136900000003697
44 7 4.140223855095417 0.0017761449082680514 0 4.1428000000036835
58 5 4.143990604733373 0.0018093952703033267 0 4.146600000003675
46 10 4.145829806440478 0.001770193563194411 0 4.1484000000036705
40 6 4.146868565801056 0.0018314342026135577 0 4.149500000003668
48 12 4.152331931355694 0.0017680686479630836 0 4.154900000003655
34 11 4.152304811445482 0.0021951885581739106 0 4.1557000000036535
44 4 4.155587174254739 0.001812825748910285 1 4.158200000003648
40 9 4.162601268387362 0.0017987316162715317 1 4.165200000003631
45 4 4.163367319455106 0.0018326805485253672 1 4.1660000000036295
45 0 4.166257461297932 0.0017425387056926311 0 4.168800000003623
46 4 4.172412665394368 0.0017873346092427411 1 4.1750000000036085
35 11 4.173616232138943 0.0017837678646648314 0 4.176200000003606
47 4 4.187101256587206 0.0017987434163702076 1 4.189700000003574
42 1 4.194007364833652 0.001792635169907797 1 4.196600000003558
59 5 4.194768262801577 0.001831737201981376 0 4.197400000003556
46 0 4.208517967521031 0.0017820324824953104 0 4.211100000003524
34 2 4.210436386344593 0.00176361365892852 0 4.21300000000352
35 2 4.235986540876323 0.0018134591271392608 0 4.23860000000346
41 6 4.242761014123761 0.001738985879685906 0 4.245300000003445
47 0 4.259671084471101 0.001828915532305686 0 4.262300000003405
48 0 4.269381423525903 0.0018185764774809599 0 4.272000000003382
36 2 4.274714841968485 0.0017851580348873242 0 4.27730000000337
45 7 4.282916509863271 0.0017834901400819447 0 4.285500000003351
60 5 4.283657241420881 0.001742758582469861 0 4.286300000003349
49 12 4.288187286181827 0.0018127138215131566 0 4.290800000003339
36 11 4.2895945953898 0.001805404613537398 0 4.292200000003335
48 4 4.291460318150682 0.0017396818526513869 1 4.294000000003331
43 1 4.299709365562198 0.0017906344411153796 1 4.302300000003312
37 2 4.299801334493889 0.0017986655094244242 0 4.302400000003312
50 12 4.315666099892063 0.0017339001112137709 0 4.318200000003275
37 11 4.318337990847982 0.0017620091552883466 0 4.3209000000032685
38 11 4.323477166618738 0.0018228333845202727 0 4.326100000003256
49 4 4.323695733956316 0.002004266046941261 1 4.326400000003256
49 0 4.36355850642186 0.0017414935813047094 0 4.366100000003163
22 3 4.363953777807351 0.0017462221958126634 1 4.366500000003162
61 5 4.364916994712617 0.001783005290544537 0 4.36750000000316
50 0 4.368528626134451 0.0017713738687019642 0 4.3711000000031515
51 0 4.387238630112127 0.0017613698909828557 0 4.389800000003108
46 7 4.387640873051844 0.0017591269512644558 0 4.390600000003106
44 1 4.397258056337185 0.0017419436659018572 1 4.399800000003085
39 11 4.407398983042005 0.001801016961057833 0 4.410000000003061
50 4 4.4081460435142965 0.0017539564887645298 1 4.410700000003059
47 7 4.410289226795011 0.0018107732080450134 0 4.412900000003054
23 3 4.414153037207987 0.0017469627950603694 1 4.416700000003045
42 6 4.419226190423352 0.0017738095796833164 0 4.421800000003033
52 0 4.421948488385194 0.0017515116178348222 0 4.424500000003027
45 1 4.4300958426062556 0.0018041573967542135 1 4.432700000003008
41 9 4.44131413655406 0.0017858634489238412 1 4.443900000002982
51 4 4.442172083446884 0.0018279165560972643 1 4.44480000000298
52 4 4.4442957546181425 0.0018042453848341466 1 4.446900000002975
46 1 4.444887870038224 0.001812129964751108 1 4.447700000002973
40 11 4.459422758984736 0.001777241018205089 0 4.46200000000294
51 12 4.460241309621944 0.0017586903809956311 0 4.462800000002938
41 11 4.463748518887959 0.0017514811149723641 0 4.46630000000293
48 7 4.463832672867003 0.002067327135927499 0 4.467100000002928
62 5 4.47356818134536 0.0018318186575481121 0 4.4762000000029065
42 11 4.486746475867865 0.0017535241350126185 0 4.489300000002876
42 9 4.497075354657914 0.001824645344939313 1 4.499700000002852
49 7 4.502577061805576 0.0018229381972645342 0 4.505200000002839
53 4 4.504913953681695 0.0017860463211407662 1 4.507500000002834
47 10 4.514947743995777 0.0017522560070348803 0 4.51750000000281
38 2 4.521853432453087 0.0017465675497092548 0 4.524400000002794
48 10 4.531091118270598 0.001808881732176637 0 4.5337000000027725
44 8 4.539114269372937 0.0017857306298187936 0 4.541700000002754
45 8 4.544445207982425 0.0017547920203186962 0 4.5470000000027415
43 9 4.544675147194805 0.0019248528079378602 1 4.547300000002741
50 7 4.552621186170168 0.0017788138325558478 0 4.555200000002722
63 5 4.554443258779558 0.0017567412231622725 0 4.557000000002718
47 1 4.555402419012867 0.0017975809898507222 1 4.558000000002716
46 8 4.560601433285207 0.001798566717498673 0 4.563200000002704
24 3 4.5616274217602095 0.001772578242493772 1 4.564200000002701
48 1 4.563705776587522 0.0017942234151764325 1 4.5663000000026965
44 9 4.572319175387601 0.0017808246150776696 1 4.5749000000026765
49 10 4.575830184532202 0.0017698154704683944 0 4.578400000002668
43 11 4.589222155508721 0.001777844493918046 0 4.591800000002637
50 10 4.593761077872379 0.0017389221302490654 0 4.596300000002627
49 1 4.59659559213166 0.0018044078709618105 1 4.59920000000262
47 8 4.599447216269061 0.0017527837335542529 0 4.602000000002613
52 12 4.605348527708558 0.001751472294043488 0 4.6079000000026
53 0 4.606450758550103 0.0017492414524955535 0 4.609000000002597
25 3 4.616158894428445 0.0017411055741316517 1 4.618700000002574
26 3 4.633440086266028 0.0017599137365076345 1 4.636000000002534
54 0 4.6378268585550195 0.0017731414475061769 0 4.640400000002524
51 7 4.640464284162075 0.0017357158404447404 0 4.643000000002518
55 0 4.642159897069155 0.0017401029333603546 0 4.644700000002514
43 6 4.643309850224652 0.001790149777860961 0 4.645900000002511
64 5 4.650824777782461 0.0017752222200346779 0 4.6534000000024935
44 11 4.653776806623236 0.001823193379252075 0 4.6564000000024865
48 8 4.659092117926069 0.0018078820764069192 0 4.661700000002474
39 2 4.673925544985138 0.0017744550173039997 0 4.67650000000244
53 12 4.682212137816787 0.0017878621856350918 0 4.68480000000242
51 10 4.686829070408733 0.0017709295936780833 0 4.68940000000241
54 12 4.688262864456694 0.0017371355457145299 0 4.690800000002406
55 12 4.705206153970056 0.001793846032312807 0 4.707800000002367
54 4 4.712051403814498 0.001748596187854723 1 4.714600000002351
56 12 4.720877058041957 0.0018229419603752461 0 4.72350000000233
52 7 4.741715388652648 0.0017846113496355898 0 4.744300000002282
27 3 4.742380598610933 0.0018194013913488405 1 4.74500000000228
50 1 4.744354760159037 0.001745239843240931 1 4.746900000002276
52 10 4.755548441199062 0.0017515588031891127 0 4.7581000000022495
28 3 4.761101092117572 0.0017989078846660789 1 4.7637000000022365
53 10 4.7737384043935 0.0017615956087091433 0 4.776300000002207
45 9 4.789683046392648 0.0018169536095236083 1 4.79230000000217
49 8 4.822103444058144 0.001796555943951894 0 4.824700000002094
55 4 4.830809178044526 0.0017908219575497597 1 4.833400000002074
45 11 4.8365369499947 0.0017630500073622102 0 4.839100000002061
50 8 4.844240267159079 0.001759732842965711 0 4.846800000002043
53 7 4.852698708761857 0.0018012912401674797 0 4.855300000002023
57 12 4.853131398355129 0.0017686016468951848 0 4.856100000002021
56 4 4.863784718331861 0.0018152816701375585 1 4.866400000001997
44 6 4.881357164262166 0.00174283573979217 0 4.883900000001956
40 2 4.882110099080119 0.001789900921837173 0 4.8847000000019545
46 11 4.882959189470016 0.0017408105319383083 0 4.885500000001953
41 2 4.887384392950279 0.0018156070516646139 0 4.890000000001942
58 12 4.909016370077815 0.0017836299240787667 0 4.911600000001892
42 2 4.916645572984265 0.001754427017610638 0 4.919200000001874
57 4 4.919669280381704 0.001830719620164345 1 4.922300000001867
56 0 4.921753113458253 0.0017468865436107706 0 4.924300000001862
51 1 4.923218678791432 0.0018813212104280552 1 4.9259000000018585
29 3 4.935289571937788 0.0018104280640445225 1 4.9379000000018305
47 11 4.94749849767323 0.0018015023285737897 0 4.950100000001802
65 5 4.969075278850812 0.0018247211509416772 0 4.971700000001752
57 0 4.973807494349088 0.0017925056526548744 0 4.976400000001741
48 11 4.974257576247944 0.0017424237537975173 0 4.977200000001739
43 2 4.987768702976156 0.0018312970255536243 0 4.990400000001708
