#16 ONUs
# id src init_time waited_time freq processed_time
0 2 0.00019461425613247755 0.001805385743867523 0 0.002799999999999999
0 7 0.005856709640924846 0.0017432903590751609 0 0.008400000000000005
0 10 0.007723031374788207 0.0017769686252117906 0 0.010299999999999993
0 13 0.01834843271710835 0.0017515672828915842 0 0.02089999999999993
1 2 0.036201620490375015 0.0017983795096250463 0 0.038800000000000084
0 14 0.03787342689492644 0.00182657310507367 0 0.04050000000000013
1 14 0.04375799061004125 0.001742009389959026 0 0.0463000000000003
0 0 0.07010682057371011 0.001793179426290925 0 0.07270000000000106
0 15 0.07222369839746581 0.0017763016025352796 0 0.07480000000000112
1 7 0.09462040437761264 0.0017795956223890935 0 0.09720000000000176
0 5 0.09630617972956164 0.001793820270440144 0 0.0989000000000018
0 9 0.10604073173890602 0.001759268261096042 0 0.10860000000000208
1 0 0.12341070546084612 0.0017892945391564108 0 0.12600000000000244
0 3 0.12742977812723122 0.0017702218727708718 1 0.130000000000002
0 6 0.13915555748515665 0.0017444425148441522 1 0.14170000000000071
1 6 0.1451292439017352 0.0017707560982649362 1 0.14770000000000005
1 3 0.16461579596643974 0.001784204033558251 1 0.1671999999999979
0 11 0.16686721486429185 0.0018327851357058944 1 0.16949999999999765
2 0 0.1676422439807748 0.0017577560192228725 0 0.17019999999999758
1 13 0.1874487623835082 0.0017512376164872945 0 0.1899999999999954
2 6 0.18741602841925434 0.002183971580741101 1 0.19029999999999536
2 14 0.18945428415670745 0.0017457158432878095 0 0.19199999999999517
0 4 0.1912307593385077 0.0017692406614873701 1 0.19379999999999498
3 14 0.1916460340176456 0.0017539659823494202 0 0.19419999999999493
1 4 0.2011386643024674 0.001761335697526567 1 0.20369999999999389
1 9 0.20363525639083024 0.001764743609163455 0 0.2061999999999936
3 0 0.20826195827079508 0.0017380417291981143 0 0.2107999999999931
2 7 0.21322045696331526 0.001779543036677378 0 0.21579999999999255
2 13 0.21560267071040132 0.0017973292895910598 0 0.2181999999999923
2 9 0.22383072514052302 0.001769274859468456 0 0.22639999999999139
0 8 0.2278709298467227 0.0018290701532683307 1 0.23049999999999093
1 8 0.2352362670500005 0.0017637329499897159 1 0.23779999999999013
4 14 0.23720094276608006 0.0017990572339099398 0 0.2397999999999899
2 2 0.2408648792208726 0.0017351207791169998 0 0.2433999999999895
3 9 0.24321093432483754 0.001789065675151802 0 0.24579999999998925
0 1 0.25846026972249025 0.0017397302774974088 1 0.2609999999999876
1 11 0.2635814212248814 0.001818578775105717 1 0.266199999999987
4 0 0.2789329614995557 0.0017670385004296962 0 0.2814999999999853
1 1 0.25877669065144754 0.023023309348537746 1 0.2825999999999852
2 1 0.27998017838303785 0.0018198216169474368 1 0.2825999999999852
1 15 0.28683503332219207 0.0017649666777924677 0 0.28939999999998445
2 11 0.2919707653865573 0.0018292346134266557 1 0.2945999999999839
3 7 0.2931665610720351 0.0017334389279487494 0 0.29569999999998375
3 1 0.3032417135142491 0.0017582864857336178 1 0.30579999999998264
4 1 0.3047705364250664 0.0018294635749161459 1 0.30739999999998247
3 11 0.3155070276339219 0.0017929723660594643 1 0.3180999999999813
3 6 0.31807238532909643 0.0018276146708846586 1 0.320699999999981
4 7 0.3194778574821463 0.001822142517834635 0 0.32209999999998085
2 3 0.3368637249516103 0.0017362750483687073 1 0.33939999999997894
4 6 0.35040000052911907 0.00179999947085846 1 0.35299999999997744
2 4 0.3550527115145509 0.0017472884854261017 1 0.35759999999997694
3 2 0.35682855816455933 0.0017714418354174977 0 0.35939999999997674
4 11 0.3615695214569622 0.0018304785430141024 1 0.3641999999999762
5 1 0.3675635939346679 0.0017364060653077273 1 0.37009999999997556
1 5 0.3692246555528954 0.0017753444470800517 0 0.3717999999999754
3 4 0.3714471138999266 0.001752886100048645 1 0.37399999999997513
2 5 0.37373701077768506 0.0017629892222899013 0 0.3762999999999749
5 7 0.39676101012389886 0.0017389898760735711 0 0.39929999999997234
3 3 0.39776745422815996 0.001832545771812355 1 0.4003999999999722
4 3 0.397784420055744 0.0018155799442283183 1 0.4003999999999722
0 12 0.40237031736539314 0.0018296826345786665 1 0.4049999999999717
2 15 0.4092905364281681 0.0018094635718029495 0 0.41189999999997096
5 14 0.4176828401001477 0.001817159899822396 0 0.42029999999997003
6 7 0.42022140408057496 0.0017785959193948875 0 0.42279999999996976
5 0 0.42234852526281425 0.0017514747371553674 0 0.4248999999999695
3 15 0.42853382184469746 0.0017661781552714695 0 0.43109999999996884
4 15 0.4320253565660566 0.0017746434339119266 0 0.43459999999996846
4 4 0.4328447658430152 0.0017552341569532781 1 0.43539999999996837
4 2 0.43499465292599554 0.001805347073972674 0 0.4375999999999681
3 5 0.44670062851486436 0.0017993714851025633 0 0.44929999999996684
4 5 0.4542196503168273 0.0017803496831387822 0 0.456799999999966
1 12 0.45816073849919636 0.0017392615007693069 1 0.4606999999999656
2 8 0.46330035667841696 0.0017996433215481389 1 0.465899999999965
5 2 0.4667247671924733 0.0017752328074914225 0 0.46929999999996463
6 1 0.47315207070484144 0.0017479292951225744 1 0.47569999999996393
3 13 0.4824684668490302 0.0018315331509327626 0 0.4850999999999629
5 4 0.4827589898696702 0.0019410101302927418 1 0.48539999999996286
6 0 0.48988581878935633 0.0018141812106058364 0 0.4924999999999621
5 5 0.4933292362138339 0.0017707637861278935 0 0.4958999999999617
5 6 0.5036047862515217 0.0017952137484389397 1 0.5061999999999606
7 0 0.5167325806470491 0.0017674193529101379 0 0.5192999999999591
6 2 0.5178696187527049 0.0018303812472542091 0 0.520499999999959
4 13 0.5180568755993662 0.002043124400592844 0 0.5212999999999589
5 3 0.5186759135047986 0.0018240864951604152 1 0.5213999999999589
4 9 0.5205590690281525 0.001740930971806276 0 0.5230999999999587
3 8 0.5236712222816333 0.0018287777183251253 1 0.5262999999999584
5 11 0.5348239096144616 0.0017760903854956434 1 0.5373999999999571
5 9 0.5379248762641226 0.0017751237358343275 0 0.5404999999999568
6 4 0.5439463738894158 0.0017536261105404183 1 0.5464999999999561
7 1 0.5479765378325162 0.0018234621674395601 1 0.5505999999999557
6 11 0.5549734104793016 0.0018265895206533989 1 0.5575999999999549
8 0 0.5557322579242935 0.0017677420756614382 0 0.5582999999999548
9 0 0.5589277772920667 0.001772222707887905 0 0.5614999999999545
2 12 0.5621380067809589 0.0017619932189952836 1 0.5646999999999541
8 1 0.5635779868248777 0.0019220131750763425 1 0.566299999999954
5 13 0.5661632479422356 0.0017367520577181716 0 0.5686999999999537
7 4 0.5737318317989687 0.0017681682009842437 1 0.5762999999999528
6 5 0.5836215921239624 0.001778407875989485 0 0.5861999999999518
7 5 0.6015627347472848 0.0017372652526650434 0 0.6040999999999498
6 9 0.6265658878070614 0.0017341121928857728 0 0.629099999999947
3 12 0.6290315933436524 0.0017684066562944079 1 0.6315999999999468
8 5 0.6289850698551085 0.001914930144838345 0 0.6316999999999467
9 1 0.6306190614237848 0.0018809385761618946 1 0.6332999999999466
7 2 0.6380238838444122 0.0017761161555336358 0 0.6405999999999458
4 8 0.6385573672435366 0.0017426327564091793 1 0.6410999999999457
6 13 0.6474039731797011 0.0017960268202437124 0 0.6499999999999447
8 2 0.6482750805920466 0.0018249194078980846 0 0.6508999999999446
6 6 0.6505156303616466 0.0017843696382978669 1 0.6530999999999444
10 1 0.6513220560125289 0.0017779439874154868 1 0.6538999999999443
7 9 0.6530094613338615 0.0017905386660826972 0 0.6555999999999441
9 2 0.6546859283915326 0.001814071608411405 0 0.6572999999999439
6 14 0.6558854029863697 0.0018145970135742262 0 0.6584999999999438
7 11 0.6683903884737671 0.0018096115261754253 1 0.6709999999999424
5 15 0.671511275275501 0.0017887247244411375 0 0.6740999999999421
9 5 0.6810709771093331 0.0018290228906080452 0 0.683699999999941
11 1 0.6968636047924667 0.0017363952074727074 1 0.6993999999999393
10 0 0.6980745072519818 0.0018254927479574024 0 0.7006999999999391
7 13 0.6983059284439896 0.0019940715559495503 0 0.7014999999999391
12 1 0.6997006839330595 0.0017993160668795527 1 0.702299999999939
1 10 0.7098521147785108 0.0017478852214271035 0 0.7123999999999379
7 14 0.7113704502868788 0.001829549713058931 0 0.7139999999999377
5 8 0.7140670044583922 0.001832995541545257 1 0.7166999999999374
10 5 0.7150506282137084 0.001749371786229026 0 0.7175999999999373
2 10 0.7188489148384263 0.0017510851615106793 0 0.7213999999999369
8 9 0.7213344366291712 0.0017655633707654994 0 0.7238999999999366
11 5 0.7476185749962491 0.0017814250036847223 0 0.7501999999999337
6 15 0.7803956816584203 0.0018043183415098474 0 0.7829999999999301
9 9 0.7806400660683888 0.001959933931541369 0 0.78379999999993
10 2 0.7863423273938748 0.0017576726060547498 0 0.7888999999999294
8 14 0.7872483188439711 0.0017516811559583623 0 0.7897999999999293
12 5 0.7912983980843298 0.0018016019155991936 0 0.7938999999999289
9 14 0.7915204870351027 0.0019795129648262355 0 0.7946999999999288
13 1 0.7986186724198473 0.0017813275800808714 1 0.8011999999999281
11 2 0.8002463065881668 0.0017536934117612368 0 0.8027999999999279
7 15 0.8054685861972811 0.0018314138026462867 0 0.8080999999999273
10 14 0.8097505293368196 0.0017494706631073775 0 0.8122999999999269
13 5 0.8136600675827458 0.001739932417180734 0 0.8161999999999264
8 15 0.8170982025451398 0.001801797454786369 0 0.819699999999926
10 9 0.8187453681513189 0.0017546318486070245 0 0.8212999999999259
14 5 0.8254877109137145 0.0018122890862106722 0 0.8280999999999251
7 7 0.8312227700610988 0.0017772299388257862 0 0.8337999999999245
8 11 0.8419566259755986 0.0017433740243247842 1 0.8444999999999233
12 2 0.8484027672052468 0.0017972327946759181 0 0.8509999999999226
8 4 0.8517216499899518 0.0017783500099705085 1 0.8542999999999222
7 6 0.8520108675483495 0.0018891324515727392 1 0.8550999999999221
13 2 0.8557435241469452 0.0017564758529766689 0 0.8582999999999218
6 3 0.8693762429366688 0.001823757063251552 1 0.8719999999999203
9 4 0.8753964467464667 0.0018035532534530496 1 0.8779999999999196
14 1 0.8785667284364156 0.0018332715635037689 1 0.8811999999999193
6 8 0.889902428653748 0.0017975713461700904 1 0.892499999999918
9 11 0.8975900892188553 0.001809910781061963 1 0.9001999999999172
4 12 0.9051383229471068 0.001761677052809607 1 0.9076999999999164
5 12 0.9159895931468967 0.0018104068530185868 1 0.9185999999999152
8 6 0.9163260904075982 0.0018739095923170357 1 0.9193999999999151
7 8 0.9197270241860136 0.0017729758139012342 1 0.9222999999999147
8 8 0.922195807398642 0.001804192601272514 1 0.9247999999999145
8 13 0.9368548973158264 0.0017451026840865635 0 0.9393999999999129
9 8 0.939991531031958 0.0018084689679546129 1 0.9425999999999125
11 9 0.9414660309472811 0.0017339690526313456 0 0.9439999999999124
3 10 0.9490940150451501 0.0018059849547614748 0 0.9516999999999115
10 11 0.9534341962828787 0.0017658037170323881 1 0.955999999999911
12 9 0.9623998404027739 0.0018001595971361972 0 0.96499999999991
11 0 0.9648164803735884 0.0017835196263215058 0 0.9673999999999098
9 6 0.9665653277416276 0.001734672258282055 1 0.9690999999999096
11 14 0.9735352181208796 0.0017647818790292868 0 0.9760999999999088
12 0 0.975812946762429 0.00178705323747963 0 0.9783999999999086
8 7 0.9776381253275106 0.0017618746723978562 0 0.9801999999999084
12 14 0.9805215296299759 0.0017784703699322835 0 0.983099999999908
13 9 0.9954026638570767 0.0017973361428298418 0 0.9979999999999064
10 6 1.0217745457944878 0.0018254542054159106 1 1.0243999999999036
10 8 1.0230045982368803 0.0017954017630232855 1 1.0255999999999035
7 3 1.0288413446796922 0.0017586553202106892 1 1.0313999999999028
9 13 1.0333028685238599 0.001797131476042546 0 1.0358999999999023
15 5 1.0350343257715195 0.0017656742283826965 0 1.0375999999999022
10 4 1.0430784213570194 0.0018215786428819047 1 1.0456999999999013
15 1 1.073794817435781 0.0018051825641169916 1 1.0763999999998979
16 5 1.0762933908126033 0.0018066091872943613 0 1.0788999999998976
17 5 1.0850089418822682 0.0017910581176285856 0 1.0875999999998966
14 2 1.0915748512391064 0.0018251487607896522 0 1.094199999999896
10 13 1.097138126211754 0.0017618737881412994 0 1.0996999999998953
11 13 1.1006535513099471 0.0017464486899478882 0 1.103199999999895
11 8 1.103823691092637 0.0017763089072577731 1 1.1063999999998946
9 15 1.1075759615154053 0.0018240384844889768 0 1.1101999999998942
13 14 1.114859178786547 0.0017408212133465106 0 1.1173999999998934
11 11 1.116493503953215 0.0018064960466783742 1 1.1190999999998932
12 8 1.1173080637246817 0.0017919362752114587 1 1.119899999999893
6 12 1.1201225800243364 0.0017774199755564712 1 1.1226999999998928
15 2 1.1223381788202211 0.0017618211796714967 0 1.1248999999998925
14 14 1.123241510864368 0.0017584891355244547 0 1.1257999999998924
12 11 1.1405061969207226 0.0017938030791679882 1 1.1430999999998905
13 11 1.1597328009711954 0.001767199028693156 1 1.1622999999998884
11 4 1.1598589009676308 0.002041099032257687 1 1.1630999999998883
16 2 1.1621726897484999 0.001827310251388381 0 1.1647999999998881
11 6 1.168600633903899 0.0017993660959885194 1 1.1711999999998874
18 5 1.1693161460947061 0.0017838539051813207 0 1.1718999999998874
12 4 1.1763147004095054 0.0017852995903813174 1 1.1788999999998866
12 13 1.1780357845739857 0.0017642154259007725 0 1.1805999999998864
10 15 1.18319010382056 0.0018098961793260315 0 1.1857999999998858
12 6 1.1857137754086398 0.0017862245912458885 1 1.1882999999998856
13 8 1.1940011752601118 0.0017988247397728863 1 1.1965999999998846
13 4 1.1959388002177178 0.0017611997821667114 1 1.1984999999998844
13 13 1.214649473931364 0.0017505260685184432 0 1.2171999999998824
11 15 1.2209191455393995 0.0017808544604822618 0 1.2234999999998817
14 13 1.2222407209581931 0.0017592790416884885 0 1.2247999999998815
12 15 1.2237444106133488 0.00185558938653263 0 1.2263999999998814
14 9 1.2270851147636619 0.0018148852362191992 0 1.229699999999881
15 14 1.227902188559958 0.0017978114399230805 0 1.230499999999881
19 5 1.2316521117618133 0.0017478882380672633 0 1.2341999999998805
20 5 1.2403724889326446 0.0018275110672349992 0 1.2429999999998795
21 5 1.243585929858574 0.0018140701413051907 0 1.2461999999998792
15 9 1.2455711902098578 0.001828809790021202 0 1.248199999999879
14 11 1.2492144672721988 0.001785532727679895 1 1.2517999999998786
13 15 1.2731138517429625 0.001786148256913478 0 1.275699999999876
16 9 1.2834746478135015 0.0018253521863733635 0 1.2860999999998748
16 14 1.2865100258351307 0.0017899741647438017 0 1.2890999999998745
14 15 1.2877072239231715 0.0017927760767029177 0 1.2902999999998743
14 8 1.2999327334207313 0.0017672665791417241 1 1.302499999999873
9 7 1.3020672708927703 0.0018327291071025265 0 1.3046999999998727
7 12 1.311170057555626 0.0018299424442458356 1 1.3137999999998717
16 1 1.3127241172837485 0.0018758827161231562 1 1.3153999999998716
10 7 1.3215422374170152 0.0017577625828555377 0 1.3240999999998706
14 4 1.3363827501581023 0.0018172498417667882 1 1.338999999999869
11 7 1.338600106090309 0.0017998939095598132 0 1.3411999999998687
22 5 1.3410285779850244 0.0017714220148441484 0 1.3435999999998685
17 1 1.3449071275782656 0.0017928724216025316 1 1.347499999999868
17 2 1.3534117878923928 0.001788212107474374 0 1.355999999999867
15 8 1.362653586406644 0.0017464135932221403 1 1.365199999999866
23 5 1.3697378948597354 0.001762105140129977 0 1.3722999999998653
13 6 1.3708410556506594 0.001758944349205871 1 1.3733999999998652
15 13 1.3780742592698463 0.0018257407300181772 0 1.3806999999998644
15 4 1.3799828989006893 0.0018171010991749892 1 1.3825999999998642
4 10 1.3826424175467005 0.0017575824531634865 0 1.3851999999998639
14 6 1.4009277926650001 0.0017722073348618306 1 1.4034999999998619
15 6 1.4028336560646062 0.0017663439352555432 1 1.4053999999998616
18 2 1.4056724438966575 0.0018275561032039533 0 1.4082999999998613
12 7 1.4082438230871075 0.0017561769127536486 0 1.410799999999861
16 8 1.4104450350969462 0.001754964902914713 1 1.4129999999998608
24 5 1.418282131189254 0.0018178688106060825 0 1.42089999999986
18 1 1.4200493748527145 0.0017506251471453016 1 1.4225999999998598
17 9 1.426125817086342 0.0017741829135171638 0 1.428699999999859
16 13 1.4341621014101193 0.0017378985897389398 0 1.4366999999998582
18 9 1.4395723599026125 0.0018276400972452311 0 1.4421999999998576
17 14 1.447808430578097 0.0017915694217598421 0 1.4503999999998567
19 9 1.454859177674604 0.0017408223252519672 0 1.457399999999856
13 7 1.4592612598692503 0.0017387401306052652 0 1.4617999999998554
18 14 1.4611205548431059 0.0017794451567494374 0 1.4636999999998552
17 8 1.461203132807381 0.002096867192474372 1 1.4639999999998552
19 14 1.4636508916153737 0.0017491083844813904 0 1.466199999999855
25 5 1.4652568170940576 0.0017431829057972248 0 1.4677999999998548
19 1 1.4696685371673879 0.0018314628324664906 1 1.4722999999998543
20 9 1.4708143974723507 0.0017856025275035936 0 1.4733999999998542
15 15 1.4746358681617442 0.0017641318381096394 0 1.4771999999998537
5 10 1.4779033917226194 0.0017966082772340464 0 1.4804999999998534
8 3 1.4824038019019437 0.0017961980979093184 1 1.4849999999998529
13 0 1.4850646036100996 0.0017353963897530633 0 1.4875999999998526
16 15 1.4855550219526177 0.0017449780472349463 0 1.4883999999998525
20 14 1.4899588420716336 0.0017411579282184952 0 1.492499999999852
15 11 1.5153367008735938 0.001763299126255502 1 1.5178999999998493
9 3 1.5161818646485594 0.001818135351289829 1 1.5187999999998492
14 7 1.5171021445554151 0.0017978554444340045 0 1.519699999999849
19 2 1.5177506579093532 0.0018493420904959201 0 1.520499999999849
16 6 1.5232983908838236 0.0018016091160248937 1 1.5258999999998484
17 6 1.5316967528677563 0.0018032471320912347 1 1.5342999999998475
17 15 1.5335704403544752 0.0018295596453721252 0 1.5361999999998472
8 12 1.5340591026164943 0.001740897383353035 1 1.5365999999998472
26 5 1.5392024194985767 0.0017975805012699908 0 1.5417999999998466
6 10 1.542438337656422 0.0017616623434244527 0 1.5449999999998463
18 6 1.5667262854104 0.0017737145894436424 1 1.5692999999998436
10 3 1.574655382604323 0.0017446173955197875 1 1.5771999999998427
16 11 1.5787283426291991 0.0017716573706432204 1 1.5812999999998423
7 10 1.5786980947133755 0.0019019052864668318 0 1.5813999999998423
8 10 1.5860505813940178 0.0017494186058237826 0 1.5885999999998415
11 3 1.5924366845532993 0.0017633154465415135 1 1.5949999999998408
14 0 1.595368009003488 0.0018319909963524506 0 1.5979999999998404
15 0 1.5969593531810897 0.0018406468187506242 0 1.5995999999998403
18 8 1.6104979348756674 0.0018020651241714702 1 1.6130999999998388
20 2 1.6140446805618922 0.0017553194379462678 0 1.6165999999998384
21 14 1.6299238919873833 0.0017761080124534256 0 1.6324999999998366
22 14 1.6305079722552032 0.0011920277446335614 0 1.6324999999998366
16 0 1.6338207920217425 0.001779207978093833 0 1.6363999999998362
17 11 1.6384527210449293 0.0017472789549064505 1 1.6409999999998357
12 3 1.6513662938192564 0.0017337061805779985 1 1.6538999999998343
19 8 1.6514771953523695 0.0020228046474648487 1 1.6546999999998342
19 6 1.6624544374802122 0.0017455625196209912 1 1.664999999999833
13 3 1.6679007040670455 0.0017992959327870484 1 1.6704999999998325
14 3 1.6694788715148672 0.0018211284849651843 1 1.6720999999998323
21 2 1.6912108730531286 0.0017891269467014137 0 1.6937999999998299
27 5 1.696643912397727 0.0017560876021023297 0 1.6991999999998293
20 8 1.6983977600395241 0.001802239960305041 1 1.700999999999829
21 8 1.7131148588864646 0.0017851411133629203 1 1.7156999999998275
20 6 1.719248511071761 0.0017514889280658696 1 1.7217999999998268
9 12 1.7243405864571129 0.0017594135427134727 1 1.7268999999998262
20 1 1.7283764110680955 0.0018235889317304022 1 1.7309999999998258
23 14 1.7341462803007275 0.0017537196990977666 0 1.7366999999998252
16 4 1.738559763361471 0.0017402366383538759 1 1.7410999999998247
21 6 1.7387366964381394 0.001963303561685281 1 1.7418999999998246
17 4 1.746494213601483 0.0018057863983409472 1 1.7490999999998238
9 10 1.7491467574231576 0.001753242576665981 0 1.7516999999998235
18 4 1.750657313942468 0.0018426860573554915 1 1.7532999999998233
22 6 1.7559237952679418 0.0017762047318810037 1 1.7584999999998228
23 6 1.7584719741096504 0.001828025890172169 1 1.7610999999998225
10 10 1.7738606069858147 0.001739393014006163 0 1.7763999999998208
28 5 1.7751442293074144 0.0017557706924062888 0 1.7776999999998206
18 11 1.781747252771651 0.0017527472281690937 1 1.78429999999982
21 1 1.7855061997588422 0.0017938002409774167 1 1.7880999999998195
24 6 1.7893674033079863 0.0018325966918328884 1 1.791999999999819
17 13 1.7968842955391096 0.001815704460708778 0 1.7994999999998182
29 5 1.803902514797172 0.0017974852026456656 0 1.8064999999998175
15 3 1.8092960244158838 0.0018039755839331928 1 1.8118999999998169
22 1 1.81049651391017 0.0018034860896467553 1 1.8130999999998167
21 9 1.8298949150183237 0.001805084981491012 0 1.8324999999998146
18 15 1.8393502496268623 0.0017497503729513308 0 1.8418999999998136
22 8 1.8414911535890048 0.0018088464108085844 1 1.8440999999998133
16 3 1.8503523026625932 0.001747697337219245 1 1.8528999999998124
15 7 1.8561466571018421 0.0017533428979696897 0 1.8586999999998117
18 13 1.8584297896991562 0.0017702103006553838 0 1.8609999999998115
24 14 1.8596116117989063 0.0017883882009051 0 1.8621999999998113
19 11 1.868339676270057 0.0017603237297534324 1 1.8708999999998104
10 12 1.8733413394241587 0.0017586605756512164 1 1.8758999999998098
30 5 1.9097142391924549 0.0017857608073510445 0 1.9122999999998058
22 9 1.9098861472010589 0.0020138527987469956 0 1.9130999999998057
22 2 1.9244803471844312 0.0018196528153731073 0 1.9270999999998042
19 4 1.9251407420433098 0.0017592579564944533 1 1.9276999999998041
23 2 1.9286429449235767 0.001757055076227143 0 1.9311999999998037
20 4 1.9359781349067045 0.0018218650930985625 1 1.938599999999803
25 6 1.9404531114367922 0.001746888563010307 1 1.9429999999998024
23 8 1.9508470154281812 0.0017529845716202086 1 1.9533999999998013
31 5 1.955614504701011 0.0017854952987899075 0 1.9581999999998008
23 1 1.9596110111375034 0.0017889888622970584 1 1.9621999999998003
19 15 1.9595826495500692 0.001917350449731181 0 1.9622999999998003
23 9 1.9613232806399699 0.0017767193598303699 0 1.9638999999998001
20 15 1.9656776705744456 0.0018223294253540967 0 1.9682999999997997
26 6 1.9751624385700668 0.0017375614297319153 1 1.9776999999997986
16 7 1.9959766061718627 0.001823393827933728 0 1.9985999999997963
21 4 2.007268858376989 0.0018311416228264932 1 2.009899999999817
17 0 2.0145858031431483 0.0018141968566824929 0 2.0171999999998325
24 9 2.015778775110955 0.001821224888878259 0 2.018399999999835
11 12 2.0193214858881494 0.0017785141116912762 1 2.0218999999998424
20 11 2.022757018034376 0.001742981965471735 1 2.0252999999998496
19 13 2.0578690324207747 0.0018309675791474689 0 2.060499999999924
25 14 2.060838500400044 0.001761499599884253 0 2.06339999999993
24 2 2.082564263965759 0.001735736034214952 0 2.0850999999999758
25 9 2.0868246412649727 0.001775358735010446 0 2.089399999999985
21 11 2.0931188738391877 0.0017811261608087214 1 2.095699999999998
26 9 2.09859493165317 0.0018050683468380235 0 2.1012000000000097
20 13 2.100454147959494 0.0017458520405178035 0 2.1030000000000135
22 11 2.1255653736593305 0.001734626340734291 1 2.1281000000000665
22 4 2.138148692823937 0.0017513071761543486 1 2.140700000000093
25 2 2.147902455269815 0.0017975447302971403 0 2.1505000000001138
23 4 2.15164701138365 0.001752988616469775 1 2.1542000000001216
21 15 2.163183673955786 0.0018163260443584406 0 2.165800000000146
27 6 2.1660411500805794 0.0017588499195708707 1 2.168600000000152
24 1 2.1669176767694442 0.0017823232307079273 1 2.169500000000154
28 6 2.172041186038237 0.001758813961926009 1 2.1746000000001646
23 11 2.1751061134008562 0.0017938865993132325 1 2.177700000000171
21 13 2.1873914350730805 0.0018085649271148974 0 2.190000000000197
12 12 2.1934560228064757 0.0017439771937324267 1 2.19600000000021
17 3 2.202761784609525 0.0017382153907026243 1 2.2053000000002294
18 3 2.2033736017880283 0.0011263982121993976 1 2.2053000000002294
24 8 2.2134082019800285 0.0017917980202217798 1 2.216000000000252
17 7 2.2206880364348343 0.0018119635654314514 0 2.2233000000002674
22 13 2.223308179910009 0.0017918200902622416 0 2.225900000000273
18 0 2.226767226087928 0.0018327739123504827 0 2.2294000000002803
22 15 2.233751333514189 0.0017486664861041668 0 2.236300000000295
24 4 2.2429568313879775 0.0017431686123350332 1 2.2455000000003142
25 1 2.24666036837245 0.001739631627870164 1 2.249200000000322
26 14 2.24812962854336 0.001870371456963671 0 2.2508000000003254
23 13 2.24811849675479 0.002181503245534344 0 2.251500000000327
18 7 2.249430779776167 0.0017692202241592625 0 2.2523000000003286
19 0 2.2638929000671313 0.0018070999332255866 0 2.2665000000003586
29 6 2.264221278325625 0.0017787216747326973 1 2.266800000000359
13 12 2.2663903154262512 0.0018096845741109036 1 2.269000000000364
19 3 2.267506940945196 0.0017930590551684666 1 2.270100000000366
27 9 2.2702536029187876 0.0017463970815825292 0 2.272800000000372
11 10 2.2735360722447844 0.0017639277555927535 0 2.276100000000379
27 14 2.281819709642551 0.0017802903578436613 0 2.2844000000003963
12 10 2.2825711546153493 0.0018288453850470177 0 2.285200000000398
20 3 2.2833102206353146 0.0018897793650833883 1 2.2860000000003997
26 1 2.286293747800131 0.0018062522002733061 1 2.288900000000406
20 0 2.291957777591714 0.0017422224087018101 0 2.2945000000004176
23 15 2.2984797717119427 0.001820228288487158 0 2.3011000000004316
32 5 2.3045975346336522 0.0018024653667905177 0 2.3072000000004445
26 2 2.311652825582241 0.0017471744182167015 0 2.3142000000004592
24 11 2.3157117628077843 0.0017882371926818408 1 2.318300000000468
24 13 2.326925270488391 0.0017747295120988937 0 2.3295000000004915
21 3 2.3280745234375173 0.001825476562975048 1 2.330700000000494
24 15 2.3288770925339244 0.0018229074665696565 0 2.3315000000004957
27 2 2.3302307255555736 0.0017692744449231412 0 2.3328000000004985
19 7 2.3316771534671012 0.0019228465333989142 0 2.334400000000502
28 14 2.339559572934777 0.0017404270657395138 0 2.342100000000518
25 4 2.3398333230218675 0.0017666769786495173 1 2.3424000000005187
27 1 2.3439401685820545 0.0017598314184712471 1 2.3465000000005274
25 13 2.3496141352453335 0.0017858647552042584 0 2.3522000000005394
25 8 2.3522823547578193 0.0018176452427240974 1 2.354900000000545
28 1 2.353235681368339 0.0017643186322064963 1 2.355800000000547
33 5 2.357506014105671 0.001793985894883221 0 2.360100000000556
34 5 2.401302446522256 0.0017975534783909453 0 2.4039000000006485
29 1 2.413511984284286 0.0017880157163867594 1 2.4161000000006743
20 7 2.4249848970433012 0.0018151029573956201 0 2.4276000000006985
28 2 2.4280738650040945 0.0018261349966088858 0 2.430700000000705
25 11 2.4330390419288435 0.0017609580718702667 1 2.4356000000007154
30 6 2.4374802513404883 0.0018197486602349322 1 2.440100000000725
35 5 2.4437358535199962 0.0017641464807400808 0 2.446300000000738
21 0 2.4444803319631725 0.0018196680375655028 0 2.4471000000007397
13 10 2.452184258322693 0.0018157416780613111 0 2.454800000000756
26 13 2.462273787435273 0.0018262125655024164 0 2.4649000000007772
29 14 2.4631673771407883 0.001832622859989197 0 2.465800000000779
14 10 2.4668247077429166 0.0017752922578684327 0 2.4694000000007867
30 1 2.469375289182652 0.0018247108181386196 1 2.4720000000007922
26 8 2.4798619218314415 0.0017380781693709935 1 2.482400000000814
29 2 2.4834493816107406 0.0017506183900795058 0 2.4860000000008218
22 3 2.50103915606958 0.0017608439312772894 1 2.503600000000859
14 12 2.501821943810646 0.0017780561902127623 1 2.5044000000008606
15 10 2.5061512261162253 0.0017487738846426737 0 2.5087000000008697
15 12 2.507281128337743 0.0018188716631275526 1 2.509900000000872
27 8 2.507456649836944 0.0019433501639269934 1 2.5106000000008737
30 14 2.5204112866890944 0.0017887133118037468 0 2.5230000000009
26 11 2.5248237154529023 0.0017762845480051581 1 2.527400000000909
16 10 2.5260193871814893 0.0017806128194206572 0 2.5286000000009117
28 9 2.527552940024764 0.0018470599761495343 0 2.530200000000915
27 13 2.5284032061204296 0.001796793880485481 0 2.5310000000009167
28 13 2.53095845527027 0.0017415447306503573 0 2.533500000000922
30 2 2.5409979670617435 0.0018020329391981171 0 2.5436000000009433
29 13 2.542159357106426 0.0017406428945179186 0 2.5447000000009456
36 5 2.554748937468451 0.001751062532519665 0 2.5573000000009722
17 10 2.5565815266187735 0.0018184733822010912 0 2.5592000000009762
31 2 2.56361991383307 0.001780086167919137 0 2.566200000000991
31 14 2.565463086117147 0.001736913883846114 0 2.568000000000995
21 7 2.5655994914745652 0.0019005085264285349 0 2.5687000000009963
16 12 2.5862448607178568 0.0017551392831802737 1 2.5888000000010387
37 5 2.587170154590273 0.00182984541076614 0 2.589800000001041
23 3 2.5993236203266954 0.0017763796743692772 1 2.6019000000010664
38 5 2.6114465934926683 0.0017534065084219286 0 2.614000000001092
28 8 2.6171396093135866 0.001760390687515656 1 2.619700000001104
39 5 2.6333154023944703 0.0017845976066661606 0 2.635900000001138
32 14 2.641594387831142 0.001805612170012072 0 2.6442000000011556
33 14 2.6429215087905478 0.00047849121060616895 0 2.6442000000011556
24 3 2.6488132756797 0.0017867243214690909 1 2.651400000001171
34 14 2.6627434845855014 0.001756515415697102 0 2.6653000000012
18 10 2.6637666037931162 0.0017333962080843257 0 2.6663000000012023
29 8 2.6661896024094704 0.001810397591735402 1 2.6688000000012075
22 0 2.683336797809354 0.0017632021918880803 0 2.6859000000012436
23 0 2.6844498362874907 0.0006501637137512617 0 2.6859000000012436
40 5 2.6966605057991737 0.0017394942020962922 0 2.6992000000012717
26 4 2.7081662888661087 0.0017337111351856116 1 2.710700000001296
31 6 2.7209173133330693 0.001782686668251987 1 2.723500000001323
29 9 2.735121992260733 0.0017780077406182038 0 2.737700000001353
30 9 2.7423495032831595 0.0017504967182069286 0 2.744900000001368
31 9 2.7519581176401613 0.0017418823612254108 0 2.7545000000013884
32 6 2.7532507952027805 0.001749204798608961 1 2.755800000001391
22 7 2.76526307212903 0.0017369278723848858 0 2.7678000000014165
35 14 2.7755318139397445 0.0017681860616920453 0 2.778100000001438
32 2 2.779405313055017 0.0017946869464275927 0 2.7820000000014464
30 13 2.7799835765942023 0.0018164234072437502 0 2.782700000001448
25 3 2.806976134605504 0.0018238653959987694 1 2.8096000000015047
36 14 2.811915356065158 0.0017846439363551347 0 2.814500000001515
30 8 2.817141782871647 0.0017582171298773375 1 2.819700000001526
17 12 2.818012643080799 0.001787356920727401 1 2.820600000001528
23 7 2.8284580623970204 0.001741937604527788 0 2.83100000000155
27 11 2.84549521769462 0.0018047823069640145 1 2.848100000001586
25 15 2.848979055988805 0.0018209440127865406 0 2.8516000000015933
31 13 2.8527545637441296 0.0017454362574698123 0 2.855300000001601
31 1 2.8617964942152487 0.0018035057863698967 1 2.8644000000016203
26 3 2.8645556287813143 0.0017443712203100148 1 2.867100000001626
32 13 2.8720412411521177 0.0017587588495224793 0 2.874600000001642
32 9 2.8725487824102087 0.0017512175914324857 0 2.8753000000016433
24 7 2.8727306493314604 0.0018693506701814577 0 2.876100000001645
28 11 2.8772122412338366 0.0017877587678145623 1 2.879800000001653
32 1 2.8948865905079844 0.0018134094937041212 1 2.89750000000169
19 10 2.8973225840734536 0.0017774159282399893 0 2.8999000000016952
37 14 2.9114620219018876 0.0017379780998356686 0 2.914000000001725
38 14 2.9121462611389832 0.0010537388627400723 0 2.914000000001725
33 13 2.912756487685244 0.0017435123164819544 0 2.9153000000017277
29 11 2.9157676786897553 0.001832321311977303 1 2.9184000000017343
34 13 2.9227071711341255 0.0017928288676216653 0 2.925300000001749
33 9 2.9334705379886423 0.001829462013127614 0 2.9361000000017716
33 2 2.936707096318943 0.0017929036828334688 0 2.9393000000017784
26 15 2.954365554258105 0.0017344457437089567 0 2.9569000000018155
27 3 2.959613532664893 0.001786467336931885 1 2.9622000000018267
28 3 2.976913934237465 0.0017860657643966604 1 2.979500000001863
41 5 2.984023379652312 0.001776620349564606 0 2.986600000001878
42 5 2.9882510322907465 0.0017489677111388602 0 2.990800000001887
35 13 2.9888894142964557 0.0018105857054311336 0 2.9915000000018885
33 6 2.9906647250277945 0.0017352749740959794 1 2.993200000001892
31 8 3.011536226479537 0.0017637735223976492 1 3.0141000000019362
25 7 3.0321574385710814 0.001742561430896572 0 3.0347000000019797
27 15 3.0431390563154106 0.0017609436865906325 0 3.045700000002003
34 2 3.047451633775947 0.001748366226063336 0 3.050000000002012
28 15 3.0544352484933257 0.0017647515086993693 0 3.0570000000020268
43 5 3.0551545535926765 0.0017454464093500377 0 3.0577000000020282
29 3 3.0561921972641417 0.0018078027378871653 1 3.0588000000020306
29 15 3.058753382457518 0.0017466175445162158 0 3.061300000002036
34 6 3.0588256044429833 0.001974395559051434 1 3.0616000000020365
34 9 3.0608216697218418 0.0017783302801968048 0 3.0634000000020403
44 5 3.0624137640458255 0.0017862359562164087 0 3.0650000000020436
45 5 3.0879725585925595 0.001827441409536501 0 3.0906000000020977
35 2 3.0897733633650253 0.0018266366370744969 0 3.0924000000021015
24 0 3.096652666669363 0.001747333332751122 0 3.099200000002116
35 9 3.096743754395712 0.001956245606402618 0 3.0999000000021173
20 10 3.103569162871872 0.0018308371302571125 0 3.1062000000021306
33 1 3.1052971454337945 0.0018028545683379527 1 3.107900000002134
36 9 3.1057602917343434 0.0017397082677899078 0 3.108300000002135
37 9 3.1086529411590753 0.001747058843064142 0 3.111200000002141
25 0 3.113035699938408 0.0017643000637406203 0 3.1156000000021504
39 14 3.1170033683950873 0.0017966316070698873 0 3.119600000002159
36 2 3.124794074985548 0.0018059250166255758 0 3.1274000000021753
30 11 3.1276668571105417 0.001833142891638051 1 3.1303000000021814
21 10 3.142573688463418 0.0018263115387933126 0 3.145200000002213
32 8 3.1666925695312296 0.0018074304710324895 1 3.1693000000022638
35 6 3.1726456324951644 0.0017543675071101106 1 3.175200000002276
37 2 3.174090727809964 0.00190927219231396 0 3.1768000000022796
36 6 3.174071704305133 0.0022282956971455548 1 3.17710000000228
37 6 3.210571593722317 0.0018284062800377754 1 3.2132000000023564
36 13 3.213460312555651 0.0017396874467094925 0 3.2160000000023623
26 0 3.213955369899554 0.001744630102807676 0 3.216700000002364
27 0 3.215242007280047 0.00045799272231450416 0 3.216700000002364
27 4 3.219922292074675 0.001777707927699268 1 3.222500000002376
28 0 3.230963138839044 0.0017368611633536979 0 3.2335000000023992
40 14 3.2453394329020564 0.001760567100371535 0 3.2479000000024296
31 11 3.2548049504309637 0.0017950495714842418 1 3.2574000000024497
34 1 3.258628348212283 0.0017716517901731343 1 3.2612000000024577
29 0 3.2588421167133776 0.0017578832890787766 0 3.261400000002458
33 8 3.259123313390447 0.0017766866120099145 1 3.261900000002459
28 4 3.2601210481466874 0.0018789518557720264 1 3.262800000002461
38 9 3.27231133507118 0.0017886649313050285 0 3.2749000000024866
38 2 3.2840401476225165 0.0017598523799930987 0 3.2866000000025113
29 4 3.2850886903662557 0.0018113096362561976 1 3.2877000000025136
22 10 3.3036532274077848 0.0017467725947661883 0 3.3062000000025527
30 4 3.3042543607269006 0.0017456392756516337 1 3.306800000002554
23 10 3.3123643661808373 0.00173563382173203 0 3.314900000002571
38 6 3.3147700516853456 0.0018299483172290465 1 3.3174000000025763
37 13 3.346306041939388 0.0017939580632528873 0 3.3489000000026428
24 10 3.364292013138977 0.0018079868637022045 0 3.3669000000026807
30 0 3.389787094111846 0.0018129058908868956 0 3.3924000000027346
41 14 3.3912568715497984 0.001743128452937448 0 3.3938000000027375
30 15 3.409373257768997 0.0018267422337774342 0 3.412000000002776
39 9 3.4101253703064365 0.001774629696339236 0 3.4127000000027774
31 4 3.4141682563121325 0.0018317436906518658 1 3.416800000002786
35 1 3.428744025775134 0.0017559742276809231 1 3.4313000000028167
31 15 3.429079166538282 0.0018208334645337665 0 3.4317000000028175
32 4 3.439317225992832 0.0017827740100053724 1 3.441900000002839
25 10 3.440988144219597 0.001811855783243832 0 3.4436000000028426
46 5 3.4412891646913364 0.0018108353115051656 0 3.444300000002844
36 1 3.452163976605319 0.0017360233975454165 1 3.454700000002866
40 9 3.4628176334445198 0.0017823665583671655 0 3.4654000000028886
30 3 3.472112249357538 0.0017877506453687353 1 3.4747000000029082
39 6 3.475399906467462 0.00180009353545163 1 3.478000000002915
47 5 3.4901398283176137 0.0017601716853308247 0 3.4927000000029462
39 2 3.502640138916883 0.0017598610860880548 0 3.5052000000029726
34 8 3.5079447873675256 0.0017552126354565267 1 3.510500000002984
31 0 3.5114206872880107 0.0017793127149787757 0 3.514000000002991
31 3 3.5149521966623216 0.001747803340675258 1 3.5175000000029986
18 12 3.515682700496459 0.001817299506539527 1 3.5183000000030002
41 9 3.5158197121768096 0.0017802878261892197 0 3.5184000000030005
26 7 3.5382713273311657 0.0018286726718805824 0 3.540900000003048
32 0 3.5419877057446905 0.0018122942583636004 0 3.5446000000030558
27 7 3.547522981098966 0.0017770189040997586 0 3.5501000000030674
40 2 3.555618589037318 0.0017814109657647847 0 3.5582000000030845
38 13 3.5632198402739363 0.001780159729162456 0 3.5658000000031005
35 8 3.5749225299553444 0.0017774700477790617 1 3.577500000003125
26 10 3.57618753429272 0.0018124657104063857 0 3.578800000003128
28 7 3.588050014116001 0.0017499858871499185 0 3.590600000003153
32 11 3.594687873167973 0.0018121268351922737 1 3.597300000003167
37 1 3.5952935150672576 0.0018064849359089585 1 3.5980000000031684
39 13 3.5958055227667773 0.0017944772363902572 0 3.5984000000031693
38 1 3.597319877061739 0.0018801229414320275 1 3.6000000000031727
40 13 3.605934067587951 0.0017659324152377032 0 3.6085000000031906
39 1 3.6075868908585313 0.0018131091446611514 1 3.610200000003194
29 7 3.61013996815336 0.001760031849837862 0 3.6127000000031995
41 13 3.6111187530167626 0.0017812469864373348 0 3.6137000000032016
42 9 3.621246548485806 0.0017534515174153498 0 3.623800000003223
32 3 3.6293536035847227 0.0017463964185155945 1 3.63190000000324
33 0 3.649381376117954 0.001818623885326609 0 3.6520000000032824
40 1 3.6504627254589277 0.0017372745443551274 1 3.6530000000032845
42 14 3.6537233242407137 0.0017766757625761187 0 3.6563000000032915
42 13 3.6540089470927004 0.0017910529105900075 0 3.657000000003293
43 13 3.6560405278310197 0.0017594721722749007 0 3.6586000000032963
33 11 3.666338442887728 0.0017615571155884524 1 3.668900000003318
33 4 3.669734813341414 0.0017651866619097234 1 3.6723000000033252
43 14 3.6874285234053272 0.0017714765980336722 0 3.6900000000033626
48 5 3.702799755687003 0.0018002443163904758 0 3.705400000003395
36 8 3.7070181113175367 0.0017818886858655958 1 3.709600000003404
34 0 3.7071398026431113 0.0017601973602912047 0 3.709700000003404
35 0 3.720633569578737 0.0017664304246940432 0 3.7232000000034327
44 14 3.7303979367018516 0.0018020633016000431 0 3.7330000000034533
34 11 3.742847134335778 0.0017528656676999432 1 3.7454000000034795
34 4 3.7457398445769337 0.0017601554265502806 1 3.7483000000034856
27 10 3.7462222731887675 0.0017777268147174397 0 3.7488000000034867
35 4 3.7496372421245594 0.0017627578789327636 1 3.752200000003494
28 10 3.757404791741022 0.0017952082624868027 0 3.7600000000035103
45 14 3.7684528042295833 0.001747195773948551 0 3.7710000000035335
44 13 3.7742644368631844 0.0017355631403597194 0 3.7768000000035458
30 7 3.7753200627335857 0.0017799372699607297 0 3.777900000003548
36 4 3.788549814587802 0.0017501854157724317 1 3.791100000003576
35 11 3.7973291040063955 0.0017708959971973748 1 3.7999000000035945
41 1 3.801493576969963 0.0018064230336385378 1 3.8041000000036034
32 15 3.8196028117207317 0.001797188282908202 0 3.8222000000036416
46 14 3.8215432136117955 0.0017567863918483972 0 3.8241000000036456
40 6 3.823145388220638 0.0017546117830091745 1 3.825700000003649
42 1 3.8279660311882373 0.001733968815420095 1 3.830500000003659
41 2 3.8290067383524873 0.0017932616511724397 0 3.8316000000036614
33 15 3.83864216102624 0.0017578389774399739 0 3.8412000000036817
41 6 3.8438030122367675 0.0017969877669234968 1 3.8464000000036926
34 15 3.845557141330416 0.0017428586732783913 0 3.8481000000036962
36 0 3.8514260985442337 0.001773901459473315 0 3.8540000000037087
43 9 3.8626154358708913 0.0017845641328393391 0 3.8652000000037323
42 6 3.8637470876732465 0.0017529123304864669 1 3.8663000000037346
47 14 3.8669752016927097 0.001824798311030218 0 3.8696000000037416
44 9 3.8691279182513534 0.0017720817523909638 0 3.871700000003746
43 6 3.873139704723875 0.001760295279877866 1 3.8757000000037545
36 11 3.8790059967415536 0.0017940032622116853 1 3.881600000003767
43 1 3.8834406637196293 0.001759336284145263 1 3.886000000003776
35 15 3.890411754528416 0.0017882454753732624 0 3.893000000003791
29 10 3.8973901415914964 0.00180985841230763 0 3.9000000000038058
31 7 3.8991635868239105 0.001736413179897145 0 3.9017000000038093
37 8 3.899984426176876 0.0018155738269336474 1 3.9026000000038112
19 12 3.901399162516692 0.0018008374871203436 1 3.904000000003814
45 13 3.9049581032239433 0.0017418967798765728 0 3.9075000000038216
49 5 3.9071518610516347 0.0017481389521898372 0 3.9097000000038262
36 15 3.918034192116208 0.001765807887639692 0 3.9206000000038492
37 15 3.924922912708619 0.0017770872952431738 0 3.927500000003864
32 7 3.925452311340639 0.0017476886632241673 0 3.9282000000038653
48 14 3.925721821546227 0.0017781784576369475 0 3.929000000003867
42 2 3.928373054445052 0.00182694555881735 0 3.931000000003871
43 2 3.935070241288986 0.0018297587148974337 0 3.9377000000038853
37 4 3.9363916871449414 0.0018083128589450048 1 3.939000000003888
37 11 3.9430284773480038 0.0017715226558965291 1 3.945600000003902
38 8 3.950335657113234 0.001764342890681725 1 3.9529000000039174
44 1 3.953537345228208 0.0017626547757143562 1 3.956100000003924
39 8 3.956640703943193 0.0017592960607362151 1 3.9592000000039307
49 14 3.957631677984766 0.0017683220191653248 0 3.960200000003933
38 15 3.9709766547497516 0.0018233452542077977 0 3.973600000003961
33 7 3.97272277914614 0.0017772208578228366 0 3.9753000000039647
39 15 3.9785442114240768 0.001755788579898443 0 3.981100000003977
50 5 3.981537877359807 0.0017621226441746352 0 3.9841000000039832
20 12 4.010671089063344 0.0018289109406435244 1 4.013300000003985
40 15 4.01489240382176 0.0018075961822177078 0 4.017500000003976
41 15 4.015187745419346 0.001512254584631556 0 4.017500000003976
44 2 4.017138694377838 0.0017613056261343019 0 4.01970000000397
38 4 4.0180732639060865 0.001826736097883419 1 4.020700000003968
33 3 4.021814577938335 0.00178542206562593 1 4.0244000000039595
51 5 4.023675384180151 0.0018246158238062193 0 4.026300000003955
21 12 4.024978877778689 0.0018211222252650927 1 4.027600000003952
40 8 4.0277961213993505 0.0018038786045968536 1 4.0304000000039455
44 6 4.032164018987544 0.0017359810163934952 1 4.0347000000039355
52 5 4.037449105758977 0.0017508942449477871 0 4.040000000003923
22 12 4.041525945778205 0.0017740542257103087 1 4.044100000003914
45 6 4.043723014103838 0.0017769859000722477 1 4.046300000003908
45 9 4.045906101352019 0.0017938986518863942 0 4.048500000003903
42 15 4.060545557154174 0.0017544428496973907 0 4.063100000003869
45 1 4.071100088717204 0.001799911286642697 1 4.073700000003845
38 11 4.074229342662053 0.0017706573417859417 1 4.076800000003837
39 4 4.076054642635969 0.0017453573678656298 1 4.078600000003833
50 14 4.092765343876625 0.0017346561271711636 0 4.095300000003794
46 9 4.093312310425001 0.0017876895787933833 0 4.096100000003792
53 5 4.094007713295658 0.001792286708135471 0 4.096800000003791
40 4 4.098985720908955 0.0018142790948267873 1 4.1016000000037796
30 10 4.111505141141519 0.001794858862233184 0 4.11410000000375
46 6 4.114994231774342 0.0018057682294019273 1 4.117600000003742
43 15 4.117499524867774 0.0018004751359645965 0 4.120100000003736
41 8 4.126226469117424 0.0017735308862940613 1 4.128800000003716
42 8 4.128154789256266 0.0017452107474476009 1 4.130700000003712
23 12 4.143022581967688 0.001777418035991296 1 4.145600000003677
37 0 4.147698814670677 0.0018011853329911176 0 4.150300000003666
46 13 4.153053311718928 0.0017466882847276821 0 4.155600000003654
41 4 4.158892028508626 0.0018079714950154369 1 4.16150000000364
51 14 4.1595485887729655 0.0017514112306749041 0 4.1621000000036386
39 11 4.169247128323416 0.001752871680201551 1 4.171800000003616
43 8 4.173471187726865 0.0018288122767424753 1 4.176100000003606
47 6 4.17716053995745 0.0017394600461493326 1 4.1797000000035975
24 12 4.181517517350943 0.0017824826526462445 1 4.184100000003587
44 15 4.195106522123158 0.0017934778803994078 0 4.197700000003556
47 13 4.196382092685654 0.0018179073179007688 0 4.199000000003553
42 4 4.199273502001345 0.0018264980022024702 1 4.201900000003546
40 11 4.201452591320171 0.0017474086833715319 1 4.204000000003541
41 11 4.212336211966939 0.0017637880365786174 1 4.2149000000035155
25 12 4.212597968599539 0.0019020314039774888 1 4.215700000003514
31 10 4.217537521184028 0.0017624788194776642 0 4.220100000003503
45 2 4.235689553022247 0.0018104469812154633 0 4.238300000003461
43 4 4.235936311152914 0.0019636888505480954 1 4.23860000000346
34 3 4.257764506996087 0.0017354930073247843 1 4.26030000000341
46 2 4.264162206634139 0.001737793369257723 0 4.266700000003395
52 14 4.26471838353431 0.0017816164690849234 0 4.267500000003393
54 5 4.275478373385983 0.00182162661738694 0 4.278100000003368
47 9 4.285320646789594 0.0017793532137533319 0 4.287900000003345
44 8 4.29668647503744 0.0018135249658808306 1 4.299300000003319
53 14 4.298578157067073 0.001821842936243101 0 4.301200000003314
44 4 4.301897799007058 0.0018022009962503915 1 4.304500000003307
45 4 4.304998784777709 0.0018012152255924008 1 4.3076000000032995
48 9 4.321656088268443 0.00174391173481947 0 4.324200000003261
38 0 4.339395729583149 0.0018042704200720294 0 4.342000000003219
42 11 4.343318623250512 0.0017813767527004032 1 4.34590000000321
48 13 4.343502369431313 0.001797630571898523 0 4.34610000000321
46 4 4.34863451601254 0.0017654839906597886 1 4.351200000003198
47 4 4.349702798629637 0.0006972013735628835 1 4.351200000003198
55 5 4.350681907481974 0.0018180925212210042 0 4.353300000003193
39 0 4.353331283673884 0.0017687163293045316 0 4.355900000003187
49 9 4.355933935385555 0.0017660646176276273 0 4.358500000003181
45 15 4.368126876302712 0.0017731237004419143 0 4.370700000003152
26 12 4.370761019491788 0.001738980511360566 1 4.373300000003146
47 2 4.382282216068776 0.001817783934344952 0 4.384900000003119
27 12 4.3954327207855 0.0017672792175904561 1 4.398000000003089
28 12 4.4010173733923 0.001782626610777882 1 4.403600000003076
29 12 4.433298727449976 0.0018012725530258678 1 4.435900000003
48 4 4.438079499811175 0.0018205001918163433 1 4.440700000002989
48 6 4.448838646323968 0.001761353678998212 1 4.451400000002964
46 1 4.451780225844739 0.001819774158220433 1 4.454400000002957
43 11 4.461643709361185 0.0017562906417509794 1 4.4642000000029345
35 3 4.463315465430264 0.0017845345726685835 1 4.4659000000029305
44 11 4.476509062957035 0.0017909370458664142 1 4.4791000000029
49 13 4.482337191592331 0.001762808410557426 0 4.484900000002886
49 4 4.4847820009173285 0.0018179990855538009 1 4.48740000000288
50 4 4.491344106088484 0.0017558939143835772 1 4.493900000002865
48 2 4.5077735046987675 0.0018264953040612042 0 4.510400000002827
40 0 4.528160171123413 0.0017398288793684102 0 4.5307000000027795
46 15 4.543403409523159 0.0017965904795866905 0 4.546000000002744
49 2 4.5603516342731245 0.0017483657295818134 0 4.5629000000027045
51 4 4.56157694717101 0.0018230528316935946 1 4.564200000002701
54 14 4.561688448751971 0.0018115512507321796 0 4.564300000002701
45 8 4.563782040416537 0.0018179595861615994 1 4.566400000002696
52 4 4.56926138569299 0.0017386143096960183 1 4.571800000002684
30 12 4.569425736053789 0.0019742639488953273 1 4.572600000002682
47 1 4.574722873373081 0.0017771266295918409 1 4.577300000002671
56 5 4.575982135108915 0.0018178648937547948 0 4.578600000002668
53 4 4.577104002802845 0.0017959971998218194 1 4.579700000002665
45 11 4.579525978271761 0.0017740217309007988 1 4.58210000000266
50 2 4.583643380127551 0.0017566198751008955 0 4.58620000000265
50 13 4.60175429826712 0.001745701735489824 0 4.604300000002608
46 8 4.6042514043979175 0.0017485956046865425 1 4.606800000002602
49 6 4.604583957721419 0.0018160422811837051 1 4.6076000000026
34 7 4.605039549325629 0.0017604506769730577 0 4.6077000000026
50 6 4.613228123046737 0.001771876955846352 1 4.615800000002581
47 8 4.627441913307254 0.0017580866952959795 1 4.630000000002548
48 8 4.663234314318019 0.001765685684447682 1 4.665800000002465
48 1 4.668081607907338 0.0018183920951173604 1 4.670700000002453
35 7 4.670333742503703 0.001766257498746704 0 4.672900000002448
55 14 4.670893187258812 0.0018068127436361436 0 4.673700000002446
31 12 4.672169938141906 0.0018300618605398 1 4.674800000002444
36 7 4.673673919224841 0.0019260807776007027 0 4.67640000000244
51 2 4.678630783290927 0.0017692167115033186 0 4.681200000002429
49 8 4.680581304486718 0.0018186955157082352 1 4.683200000002424
54 4 4.680782492488607 0.0020175075138180176 1 4.684000000002422
52 2 4.709453925180436 0.001746074821922683 0 4.712000000002357
55 4 4.709985094187605 0.001814905814752521 1 4.712600000002356
41 0 4.724547817255364 0.0017521827469595408 0 4.727100000002322
37 7 4.728892557230667 0.0018074427716463504 0 4.7315000000023115
51 13 4.729349412456462 0.001750587545850557 0 4.73230000000231
49 1 4.7354016800314245 0.001798319970873763 1 4.738000000002296
42 0 4.739013562906988 0.0017864370953022402 0 4.741600000002288
52 13 4.740160364108038 0.0017396358942489698 0 4.742700000002285
56 14 4.743227958642488 0.0017720413597919205 0 4.745800000002278
56 4 4.750527104472399 0.0017728955298643712 1 4.753100000002261
51 6 4.753181517691298 0.0018184823109583803 1 4.755800000002255
57 5 4.757456188929482 0.0017438110727647782 0 4.760000000002245
53 13 4.7677131611306836 0.001786838871539409 0 4.770300000002221
58 5 4.77308552213689 0.0018144778653201854 0 4.7757000000022085
53 2 4.785448838328892 0.0017511616732894808 0 4.78800000000218
38 7 4.79347007234948 0.001829927652682528 0 4.796100000002161
57 14 4.795786650873421 0.0018133491287368741 0 4.798400000002156
58 14 4.796166679964757 0.0014333200374005983 0 4.798400000002156
50 9 4.809417689333109 0.0017823106690171286 0 4.812000000002124
36 3 4.815676967706653 0.0018230322954577716 1 4.818300000002109
39 7 4.816973088742587 0.001826911259521502 0 4.819600000002106
59 5 4.817203817955708 0.0019961820463993973 0 4.820400000002104
51 9 4.8212405760923955 0.0017594239097027398 0 4.823800000002096
54 2 4.826638972496478 0.001761027505607693 0 4.829200000002084
50 8 4.82942814538749 0.0017718546145895075 1 4.832000000002077
43 0 4.836468235443299 0.001831764558763993 0 4.839100000002061
52 6 4.837637483144168 0.0017625168578918604 1 4.840200000002058
47 15 4.843443324701073 0.0017566753009736757 0 4.846000000002045
60 5 4.8527557598482005 0.0017442401538243502 0 4.855300000002023
52 9 4.85589803996646 0.0018019600355572152 0 4.8585000000020155
46 11 4.861613469991894 0.001786530010110532 1 4.864200000002002
54 13 4.8625635687637185 0.0017364312382834868 0 4.865100000002
44 0 4.878627177983732 0.0017728220182329224 0 4.881200000001963
53 9 4.879800861437411 0.0017991385645510505 0 4.88240000000196
48 15 4.882651361368916 0.0017486386330389792 0 4.885200000001953
51 8 4.885184262667762 0.0018157373341871619 1 4.887800000001947
55 13 4.888828429571811 0.0017715704301295432 0 4.891400000001939
45 0 4.89887917181043 0.0018208281914873226 0 4.901500000001915
40 7 4.915064538714294 0.0017354612875859488 0 4.917600000001878
47 11 4.925298992507193 0.0018010074946630539 1 4.927900000001854
48 11 4.957450516696032 0.0017494833057485337 1 4.960000000001779
56 13 4.961892908316875 0.0018070916848955676 0 4.9645000000017685
55 2 4.965645890129425 0.0017541098723370396 0 4.96820000000176
41 7 4.967489375618622 0.0018106243831352842 0 4.9701000000017554
56 2 4.974007667850013 0.0017923321517292479 0 4.97660000000174
59 14 4.974344437543156 0.0018555624585854247 0 4.977400000001738
37 3 4.97713179860114 0.001768201400595082 1 4.979700000001733
49 11 4.9815919347901785 0.0018080652115459728 1 4.984200000001723
46 0 4.993239667256612 0.001760332745085691 0 4.9958000000016956
50 1 4.993560156530158 0.001839843471538316 1 4.996100000001695
32 12 4.994650124918769 0.0017498750829254561 1 4.997200000001692
