#6 ONUs
# id src init_time waited_time freq processed_time
0 1 0.034957939586347034 0.0017420604136529905 0 0.03750000000000005
0 2 0.035402163938648104 0.0017978360613519345 0 0.03820000000000007
1 2 0.045851240074841454 0.0017487599251588826 0 0.04840000000000036
0 5 0.05914056771771199 0.0017594322822887254 0 0.06170000000000074
0 0 0.07050609406607306 0.001793905933927989 0 0.07310000000000107
0 4 0.08685002156354388 0.0017499784364576332 0 0.08940000000000153
2 2 0.09511438212869071 0.0017856178713110404 0 0.09770000000000177
0 3 0.13227782265478769 0.0018221773452138657 0 0.13490000000000146
1 1 0.1524430555552865 0.0017569444447128324 0 0.15499999999999925
1 4 0.15336118303495574 0.0017388169650434937 0 0.15589999999999915
2 4 0.1687772802322884 0.001822719767709119 0 0.17139999999999744
3 4 0.17978238556650133 0.001817614433494985 0 0.18239999999999623
2 1 0.22615932636240935 0.0017406736375818743 0 0.22869999999999113
3 2 0.24756440062290946 0.0017355993770793998 0 0.2500999999999888
3 1 0.26791788933394106 0.0017821106660455555 0 0.27049999999998653
1 5 0.2697771033970759 0.0018228966029105176 0 0.2723999999999863
4 1 0.27223046524707684 0.0017695347529093075 0 0.27479999999998606
4 4 0.29100241059993803 0.0017975894000460402 0 0.293599999999984
5 1 0.30477357298687596 0.0018264270131065907 0 0.30739999999998247
1 0 0.3137883842227738 0.0018116157772077868 0 0.3163999999999815
4 2 0.3223180929070133 0.0017819070929673275 0 0.32489999999998054
5 2 0.34579546445406883 0.0018045355459092027 0 0.34839999999997795
1 3 0.3481805632201948 0.001819436779782968 0 0.3507999999999777
2 0 0.3577839575078782 0.0018160424920984908 0 0.36039999999997663
3 0 0.36577908353824484 0.0018209164617309925 0 0.36839999999997575
4 0 0.38514430826658946 0.0017556917333842459 0 0.3876999999999736
2 3 0.387736753192159 0.0017632468078144226 0 0.39029999999997333
5 0 0.3891393746834065 0.0017606253165667884 0 0.3916999999999732
5 4 0.3915793425113028 0.0018206574886702187 0 0.3941999999999729
6 1 0.40218024556551574 0.001819754434456089 0 0.40479999999997174
6 0 0.4117918038966289 0.0018081961033418747 0 0.4143999999999707
6 2 0.42832591039616424 0.0017740896038047071 0 0.43089999999996886
7 2 0.49173702681203624 0.0017629731879257315 0 0.4942999999999619
7 1 0.4986140891886241 0.0017859108113371103 0 0.5011999999999611
8 1 0.5074268767204045 0.0017731232795556995 0 0.5099999999999602
8 2 0.5211905559055665 0.0018094440943922097 0 0.5237999999999586
2 5 0.5646391411702429 0.0017608588297109984 0 0.5671999999999539
9 1 0.6045365420660063 0.0017634579339432799 0 0.6070999999999495
3 3 0.6160589590012011 0.0017410409987471676 0 0.6185999999999482
4 3 0.6264240407034867 0.001775959296460461 0 0.628999999999947
9 2 0.6399967922524717 0.0018032077474738895 0 0.6425999999999455
6 4 0.6434770926466209 0.0018229073533243545 0 0.6460999999999452
3 5 0.6783459241090378 0.0017540758909035947 0 0.6808999999999413
4 5 0.7071916101197394 0.001808389880198824 0 0.7097999999999381
7 0 0.7255645784941871 0.001735421505749124 0 0.7280999999999361
8 0 0.728162834890809 0.0017371651091269147 0 0.7306999999999358
5 3 0.730085640217313 0.0018143597826226765 0 0.7326999999999356
10 2 0.7615912368243084 0.0018087631756238398 0 0.7641999999999322
6 3 0.7698469630897581 0.0017530369101732557 0 0.7723999999999313
7 3 0.7889883872702391 0.0018116127296901041 0 0.7915999999999291
9 0 0.8170826748508229 0.001817325149103266 0 0.819699999999926
11 2 0.8347371579853178 0.0017628420146064139 0 0.8372999999999241
8 3 0.8375449031937646 0.001755096806159262 0 0.8400999999999238
10 1 0.8451656548040717 0.0017343451958513612 0 0.847699999999923
10 0 0.8599851608627214 0.0018148391372000416 0 0.8625999999999213
11 1 0.8697941792968533 0.001805820703067007 0 0.8723999999999202
11 0 0.8784593114084882 0.001740688591431172 0 0.8809999999999193
9 3 0.8895503916032947 0.0017496083966234144 0 0.8920999999999181
12 2 0.8970069248682938 0.0017930751316235227 0 0.8995999999999172
13 2 0.9132366619312877 0.0017633380686278288 0 0.9157999999999155
7 4 0.9271509190328382 0.0017490809670758223 0 0.9296999999999139
12 1 0.9328241568527956 0.0017758431471177616 0 0.9353999999999133
8 4 0.9429736052284781 0.0018263947714342033 0 0.9455999999999122
13 1 0.9721880927953036 0.0018119072046054452 0 0.974799999999909
5 5 0.9747486900497153 0.0017513099501934581 0 0.9772999999999087
6 5 0.9855539171175173 0.0017460828823903096 0 0.9880999999999075
14 1 1.0135807187894375 0.0018192812104671496 0 1.0161999999999045
14 2 1.0137831758842881 0.0020168241156164335 0 1.0169999999999044
7 5 1.0679824399950686 0.0018175600048300211 0 1.0705999999998985
10 3 1.0781787231669484 0.0018212768329490814 0 1.0807999999998974
15 2 1.085257042829786 0.0017429571701106372 0 1.0877999999998966
15 1 1.1020345911438765 0.0017654088560183911 0 1.1045999999998948
16 1 1.1254145798916202 0.0017854201082720955 0 1.1279999999998922
16 2 1.130536753616677 0.0017632463832146783 0 1.1330999999998916
11 3 1.150066255192617 0.0017337448072725081 0 1.1525999999998895
17 1 1.2124814778021176 0.0018185221977651267 0 1.2150999999998826
12 3 1.220069655867691 0.0018303441321909641 0 1.2226999999998818
13 3 1.2490045686742617 0.0017954313256169918 0 1.2515999999998786
18 1 1.2620135422406378 0.0017864577592394681 0 1.2645999999998772
17 2 1.266839322717661 0.001760677282215628 0 1.2693999999998766
12 0 1.3535461887435387 0.0017538112563284525 0 1.356099999999867
18 2 1.354830247403775 0.0017697525960920224 0 1.357399999999867
8 5 1.362537543335883 0.001762456663983114 0 1.365099999999866
9 5 1.379705885036165 0.0017941149636993003 0 1.3822999999998642
10 5 1.3855475559282313 0.0017524440716323308 0 1.3880999999998636
19 2 1.3940865450771451 0.0018134549227175611 0 1.3966999999998626
14 3 1.4355809977895635 0.001819002210294629 0 1.438199999999858
13 0 1.477614018497393 0.0017859815024605652 0 1.4801999999998534
11 5 1.4815431971819486 0.0017568028179044681 0 1.484099999999853
9 4 1.487471762300897 0.0018282376989553484 0 1.4900999999998523
10 4 1.5406042693688333 0.001795730631013237 0 1.5431999999998465
15 3 1.5528384394128927 0.0017615605869525375 0 1.5553999999998451
16 3 1.583005436449058 0.0017945635507838897 0 1.5855999999998418
14 0 1.5893814021862724 0.0018185978135687453 0 1.591999999999841
11 4 1.5965883188523153 0.0018116811475250572 0 1.5991999999998403
20 2 1.64320580949624 0.0017941905035951944 0 1.6457999999998352
12 4 1.6708070189236166 0.0017929810762156162 0 1.6733999999998321
12 5 1.6776793551711426 0.0018206448286888222 0 1.6802999999998314
13 5 1.6823756507731198 0.0018243492267111527 0 1.6849999999998309
15 0 1.7065736047741853 0.001826395225642985 0 1.7091999999998282
14 5 1.7071812079247755 0.0018187920750527553 0 1.709999999999828
19 1 1.7410747071959145 0.0018252928039099725 0 1.7436999999998244
17 3 1.7608785949691823 0.0018214050306399887 0 1.7634999999998222
20 1 1.7687536537540185 0.0017463462458029433 0 1.7712999999998214
16 0 1.7696158788228242 0.001784121176997111 0 1.7721999999998213
21 2 1.7941991081780038 0.001800891821814865 0 1.7967999999998185
17 0 1.8044417678525075 0.0017582321473099682 0 1.8069999999998174
18 0 1.810668885881031 0.0018311141187858926 0 1.8132999999998167
18 3 1.8193597589248762 0.0017402410749396413 0 1.8218999999998158
15 5 1.8324653360409662 0.0017346639588482482 0 1.8349999999998143
19 0 1.8638484590375985 0.0017515409622124167 0 1.8663999999998109
21 1 1.8776767644578227 0.001823235541986712 0 1.8802999999998093
22 2 1.9049037418339365 0.001796258165869924 0 1.9074999999998064
13 4 1.9144367395925492 0.001763260407256162 0 1.9169999999998053
19 3 1.9211666250927595 0.001733374907045171 0 1.9236999999998046
20 0 1.9354132409738722 0.0017867590259308397 0 1.937999999999803
21 0 1.9735237841387294 0.0017762158610694634 0 1.9760999999997988
20 3 1.9812044112658798 0.0017955887339182741 0 1.983799999999798
22 1 1.9869988812650727 0.0018011187347246604 0 1.9895999999997973
22 0 1.9871927978807444 0.00200720211905292 0 1.9903999999997972
23 2 2.0139028005296558 0.0017971994701735383 0 2.016499999999831
14 4 2.0187649297251213 0.0017350702747180868 0 2.021299999999841
16 5 2.0316665073801254 0.001733492619741206 0 2.0341999999998683
17 5 2.051110431204724 0.0017895687951838823 0 2.0536999999999095
15 4 2.056516709731387 0.0017832902685324115 0 2.059099999999921
23 0 2.0925327516681826 0.001767248331812521 0 2.095099999999997
16 4 2.1195414239686103 0.0017585760314418053 0 2.122100000000054
18 5 2.1271019586662048 0.0017980413338634094 0 2.12970000000007
23 1 2.136287528437626 0.0018124715624616705 0 2.1389000000000893
24 2 2.1537671743676468 0.0018328256324777747 0 2.156400000000126
19 5 2.17691673252564 0.0017832674745332788 0 2.179500000000175
24 1 2.183075158662025 0.0018248413381614093 0 2.185700000000188
24 0 2.197156609980838 0.001743390019377955 0 2.1997000000002176
21 3 2.1992743011202767 0.0018256988799438822 0 2.2019000000002222
25 1 2.2665801288592524 0.001819871141110152 0 2.2692000000003643
25 2 2.275766175249055 0.0017338247513269955 0 2.2783000000003835
26 2 2.280361060394332 0.0017389396060596418 0 2.282900000000393
25 0 2.287315005035737 0.0017849949646691066 0 2.289900000000408
26 0 2.2972979370535165 0.0018020629469108762 0 2.299900000000429
17 4 2.326089923858083 0.001810076142405137 0 2.32870000000049
27 0 2.377496868891652 0.001803131108944811 0 2.3801000000005983
20 5 2.391329721462705 0.0017702785379207775 0 2.3939000000006274
18 4 2.3953935543876597 0.0018064456129747164 0 2.398000000000636
19 4 2.3999205828915304 0.0017794171091134459 0 2.4025000000006456
21 5 2.4179304380999347 0.0017695619007471741 0 2.4205000000006835
22 3 2.42159644162452 0.0018035583761695229 0 2.4242000000006914
22 5 2.4789771451426166 0.0018228548581942228 0 2.4816000000008125
23 3 2.482895621973688 0.0018043780271308485 0 2.4855000000008207
24 3 2.5153568816826093 0.001743118318278114 0 2.517900000000889
25 3 2.518335075026243 0.00176492497465075 0 2.5209000000008954
26 1 2.5197387259120227 0.001761274088873943 0 2.5223000000008984
23 5 2.534633879316624 0.001766120684304262 0 2.53720000000093
27 1 2.544081906142815 0.0018180938581333628 0 2.54670000000095
26 3 2.5996294608208848 0.0017705391801805526 0 2.602200000001067
24 5 2.603836090797753 0.0017639092033210346 0 2.606400000001076
25 5 2.6406950475027493 0.0018049524984027343 0 2.6433000000011537
27 2 2.644889595091225 0.0018104049099361141 0 2.6475000000011626
28 2 2.65790859255182 0.001791407449368343 0 2.66050000000119
26 5 2.681399868271391 0.0018001317298468322 0 2.6840000000012396
27 5 2.7011613584729064 0.0017386415283731083 0 2.703700000001281
28 5 2.7146663995415077 0.0017336004598003107 0 2.7172000000013097
20 4 2.7187661346839365 0.0017338653173801788 0 2.7213000000013183
29 2 2.7514076743653133 0.001792325636072345 0 2.7540000000013873
28 0 2.763604403707262 0.001795596294149604 0 2.766200000001413
29 0 2.787779920849104 0.0018200791523583781 0 2.790400000001464
21 4 2.800560274180423 0.0017397258210660738 0 2.803100000001491
30 0 2.8072196706305976 0.0017803293709057755 0 2.809800000001505
22 4 2.8867978040044044 0.0018021959972669421 0 2.889400000001673
23 4 2.9064328443722434 0.0017671556294693858 0 2.9090000000017144
31 0 2.9248502964148315 0.0017497035869200595 0 2.9274000000017533
29 5 2.961365035216474 0.0017349647853546202 0 2.9639000000018303
30 2 2.9719078799297716 0.0017921200720794062 0 2.9745000000018527
24 4 2.976172791582922 0.001827208418938131 0 2.9788000000018617
32 0 3.007387722569411 0.001812277432514886 0 3.0100000000019276
27 3 3.0094674495153444 0.0018325504865859266 0 3.012100000001932
31 2 3.0096305381809203 0.001969461821010654 0 3.0128000000019335
32 2 3.0157105322359765 0.00178946776596689 0 3.018300000001945
33 0 3.0190691124873905 0.0018308875145600645 0 3.0217000000019523
28 3 3.0198216691453097 0.0017783308566423628 0 3.0224000000019537
30 5 3.0305792227712702 0.0018207772307046177 0 3.0332000000019765
25 4 3.035361173629249 0.0017388263727355913 0 3.0379000000019865
31 5 3.042793587380534 0.0018064126214665244 0 3.0454000000020023
32 5 3.045684348238783 0.0018156517632235136 0 3.0483000000020084
34 0 3.0477634095062895 0.0017365904957213907 0 3.0503000000020126
28 1 3.0882772473225635 0.001822752679533135 0 3.0909000000020983
35 0 3.123580117875153 0.001819882127017891 0 3.126200000002173
29 3 3.132065957067018 0.0017340429351708764 0 3.1346000000021905
30 3 3.1333063294154573 0.0004936705867315538 0 3.1346000000021905
31 3 3.1385137610132623 0.0017862389889402586 0 3.1411000000022042
32 3 3.1671749171974652 0.0018250828047978729 0 3.169800000002265
33 3 3.171683869076496 0.0018161309257767044 0 3.1743000000022743
33 2 3.1950892703866876 0.0018107296156344432 0 3.1977000000023237
33 5 3.2094495394481943 0.00175046055415784 0 3.212000000002354
34 2 3.210644517341928 0.0017554826604269103 0 3.2132000000023564
26 4 3.2506916501901713 0.001808349812268073 0 3.253300000002441
34 5 3.3221783325774874 0.001821667425102813 0 3.324800000002592
29 1 3.326761702478016 0.001738297524583654 0 3.3293000000026014
36 0 3.34420467401097 0.001795325991666541 0 3.3468000000026383
27 4 3.3717801537553704 0.0018198462473244525 0 3.3744000000026966
34 3 3.3719553538134264 0.0019446461892691502 0 3.375100000002698
37 0 3.393407979866562 0.0017920201361785182 0 3.396000000002742
35 3 3.396390262679823 0.0018097373229237768 0 3.3990000000027485
30 1 3.431201813043269 0.0017981869595513622 0 3.433800000002822
36 3 3.4499782317838243 0.0018217682190355688 0 3.4526000000028616
38 0 3.4742075995137003 0.0017924004892106993 0 3.4768000000029127
37 3 3.485347480737546 0.0017525192653882193 0 3.487900000002936
35 2 3.501393468459388 0.0018065315435804585 0 3.50400000000297
31 1 3.5099701994375714 0.0018298005654151517 0 3.512600000002988
32 1 3.5786953998534305 0.0018046001497009634 0 3.581300000003133
36 2 3.621358071492867 0.0017419285103543736 0 3.623900000003223
28 4 3.734718177043344 0.0017818229601167523 0 3.7373000000034624
29 4 3.739690389574097 0.001809610429374331 0 3.742300000003473
39 0 3.796150016807985 0.0017499831956051537 0 3.798700000003592
40 0 3.8076058114654985 0.0017941885381160816 0 3.8102000000036162
41 0 3.81740221301893 0.0017977869847052297 0 3.820000000003637
42 0 3.8465721939023783 0.0018278061013186075 0 3.8492000000036986
35 5 3.8591187426983193 0.001781257305403905 0 3.861700000003725
33 1 3.880032481073948 0.0017675189298191896 0 3.882600000003769
43 0 3.8929107625488424 0.0017892374549521861 0 3.8955000000037963
44 0 3.909079993610202 0.001820006393626894 0 3.9117000000038304
37 2 3.9158943172879663 0.0018056827158767774 0 3.918500000003845
36 5 3.92533612016953 0.0017638798343329043 0 3.9279000000038646
37 5 3.9388069403333907 0.0017930596705006963 0 3.941400000003893
30 4 3.956017069190675 0.0017829308132526478 0 3.9586000000039294
38 3 3.9585448398720113 0.0017551601319216736 0 3.9611000000039347
38 2 3.985900324971513 0.0017996750324780209 0 3.9885000000039925
39 3 4.000987346761696 0.001812653242313722 0 4.003600000004008
45 0 4.013100683488822 0.0017993165151599655 0 4.01570000000398
40 3 4.060925267259888 0.0017747327439820992 0 4.063500000003868
46 0 4.1250154560478105 0.0017845439559103227 0 4.127600000003719
34 1 4.188104327848658 0.0017956721549161614 0 4.190700000003572
39 2 4.190185402005059 0.0018145979985098037 0 4.192800000003567
40 2 4.195577066290242 0.001822933713314434 0 4.198200000003554
31 4 4.203284102103941 0.0018158978995970187 0 4.2059000000035365
47 0 4.226942638404153 0.001757361599330487 0 4.2295000000034815
35 1 4.232906258583813 0.0017937414196564916 0 4.2355000000034675
41 2 4.258392948615473 0.0018070513879369088 0 4.261000000003408
48 0 4.258789639222443 0.0018103607809658584 0 4.261800000003406
42 2 4.260013379766247 0.0017866202371594753 0 4.262600000003404
49 0 4.287931955620184 0.0017680443831569193 0 4.290500000003339
32 4 4.289694002159394 0.0018059978439426416 0 4.292300000003335
36 1 4.318838273081515 0.0017617269217540255 0 4.321400000003267
41 3 4.323928088131365 0.0017719118718924065 0 4.326500000003255
43 2 4.3256939661376155 0.0018060338656376018 0 4.328300000003251
37 1 4.345187324897641 0.0018126751055662638 0 4.347800000003206
50 0 4.353720293647895 0.0017797063552924541 0 4.356300000003186
42 3 4.3568778735444775 0.001822126458702833 0 4.3595000000031785
51 0 4.370008836247539 0.0017911637556107252 0 4.372600000003148
38 1 4.37852117190407 0.00177882809906027 0 4.381100000003128
33 4 4.412126111725543 0.001773888277508462 0 4.41470000000305
52 0 4.413092143018602 0.001807856984447298 0 4.4157000000030475
43 3 4.454230172081095 0.0017698279218585355 0 4.456800000002952
44 2 4.45762680104597 0.0017731989569753637 0 4.460200000002944
39 1 4.467460962161753 0.0017390378411699103 0 4.470000000002921
38 5 4.493476369949143 0.0018236300537193273 0 4.49610000000286
39 5 4.538078873240608 0.0018211267621497385 0 4.540700000002756
44 3 4.610869518801351 0.0018304812012370775 0 4.6135000000025865
45 3 4.6243319054888765 0.0017680945136806514 0 4.626900000002555
40 1 4.6249622413824945 0.0017377586200613138 0 4.627700000002553
46 3 4.647785855710744 0.0018141442917585238 0 4.6504000000025005
47 3 4.660955571861852 0.0017444281406202578 0 4.66350000000247
41 1 4.695406863626454 0.0017931363759373653 0 4.69800000000239
48 3 4.7534219202358425 0.0017780797664137538 0 4.756000000002254
34 4 4.760128383656361 0.0017716163458798562 0 4.762700000002239
53 0 4.766564014432205 0.0017359855700211924 0 4.769100000002224
42 1 4.774248177340692 0.001751822661515412 0 4.776800000002206
54 0 4.775286340475948 0.0018136595262570054 0 4.777900000002203
49 3 4.776833019977673 0.001866980024528786 0 4.7795000000022
55 0 4.807377856419703 0.0018221435824274934 0 4.810000000002129
40 5 4.8083228403286915 0.0017771596734368345 0 4.8109000000021265
45 2 4.818298828105804 0.0018011718963011347 0 4.820900000002103
56 0 4.822997435867232 0.001802564134862017 0 4.825600000002092
43 1 4.841275793925814 0.0018242060762370116 0 4.84390000000205
41 5 4.856202701343896 0.0017972986581202832 0 4.858800000002015
57 0 4.859117542735767 0.0017824572662430427 0 4.861700000002008
58 0 4.86699372772481 0.0018062722771814421 0 4.86960000000199
59 0 4.868296873134212 0.0005031268677795353 0 4.86960000000199
42 5 4.868212325649081 0.001787674352907942 0 4.870800000001987
35 4 4.89615411908036 0.0017458809215638027 0 4.898700000001922
60 0 4.933597075355781 0.0018029246460553594 0 4.9362000000018345
46 2 4.9432540268958975 0.0017459731059163985 0 4.945800000001812
43 5 4.949431154165837 0.0017688458359623738 0 4.952000000001798
36 4 4.97283738859581 0.0017626114059350328 0 4.975400000001743
44 5 4.9738064130887185 0.0017935869130241144 0 4.976400000001741
37 4 4.988697404933967 0.0018025950677404978 0 4.991300000001706
