#4 ONUs
# id src init_time waited_time freq processed_time
0 2 0.05284985838526085 0.0017501416147396864 0 0.05540000000000056
0 1 0.059369414144724665 0.001830585855276061 0 0.06200000000000075
1 1 0.06769921859827517 0.0018007814017257928 0 0.07030000000000099
0 3 0.08305369080268134 0.0017463091973200645 0 0.08560000000000142
2 1 0.09196893406048792 0.0018310659395137374 0 0.09460000000000168
1 3 0.098812388736215 0.001787611263786848 0 0.10140000000000188
3 1 0.13121579284565393 0.001784207154347739 0 0.13380000000000158
2 3 0.13446513147271424 0.0017348685272870756 0 0.13700000000000123
3 3 0.15775209191118794 0.0017479080888108123 0 0.16029999999999867
1 2 0.19136596406561646 0.0017340359343785972 0 0.19389999999999497
2 2 0.22626492928459502 0.001735070715396192 0 0.22879999999999112
3 2 0.24906057670115855 0.001739423298830145 0 0.2515999999999886
0 0 0.4280442185186487 0.0017557814813202732 0 0.4305999999999689
4 3 0.42878101508580535 0.0018189849141635461 0 0.4313999999999688
1 0 0.4373773807495957 0.0018226192503722483 0 0.43999999999996786
5 3 0.4407578580665572 0.0017421419334103794 0 0.4432999999999675
6 3 0.44768373935809674 0.001816260641870071 0 0.4502999999999667
2 0 0.4511421980328874 0.0017578019670790312 0 0.45369999999996635
3 0 0.47501682378930304 0.001783176210660764 0 0.4775999999999637
4 1 0.4762386013350319 0.0017613986649318014 0 0.4787999999999636
5 1 0.4778187211023928 0.0017812788975706817 0 0.4803999999999634
4 0 0.492345635614294 0.0017543643856678948 0 0.4948999999999618
7 3 0.49656540593402443 0.0017345940659370118 0 0.49909999999996135
5 0 0.49739944677071585 0.001800553229245494 0 0.49999999999996125
8 3 0.5228871611361119 0.0018128388638466442 0 0.5254999999999584
6 0 0.5807431801690349 0.0017568198309172445 0 0.5832999999999521
6 1 0.5976285202621099 0.0017714797378404201 0 0.6001999999999502
4 2 0.6153630602662505 0.0017369397336978176 0 0.6178999999999483
7 0 0.6884609874958582 0.0017390125040821491 0 0.6909999999999402
7 1 0.7210086373790081 0.0017913626209286049 0 0.7235999999999366
5 2 0.7359448045171709 0.0017551954827641492 0 0.738499999999935
9 3 0.7378741916147702 0.0018258083851646623 0 0.7404999999999348
10 3 0.7434289595876604 0.0017710404122738277 0 0.7459999999999342
6 2 0.7527902683054845 0.0018097316944487574 0 0.7553999999999331
7 2 0.8259417628215178 0.0017582371784073958 0 0.8284999999999251
11 3 0.8404305400928747 0.0017694599070489092 0 0.8429999999999235
8 0 0.8479894052683434 0.0018105947315792958 0 0.8505999999999226
9 0 0.867133910454217 0.0017660895457036752 0 0.8696999999999205
8 2 0.8995429916891179 0.0017570083107991685 0 0.902099999999917
8 1 0.9127736870718717 0.001826312928043916 0 0.9153999999999155
9 2 0.9551390602246856 0.0017609397752252898 0 0.9576999999999108
9 1 0.9675270072564062 0.0017729927435033987 0 0.9700999999999095
10 2 0.9832028109922412 0.0017971890076666774 0 0.9857999999999078
10 0 0.9895840487914502 0.0018159512084569007 0 0.992199999999907
12 3 0.9926903638720042 0.0018096361279026363 0 0.9952999999999067
10 1 1.0005954723211437 0.0018045276787623798 0 1.003199999999906
11 1 1.0334706272211156 0.0018293727787868086 0 1.0360999999999023
11 2 1.0697036983734771 0.0017963016264213039 0 1.0722999999998983
11 0 1.0703231345746826 0.0017768654252157123 0 1.0730999999998982
12 2 1.0799034373077372 0.0017965626921601086 0 1.0824999999998972
13 2 1.0974199152127149 0.0017800847871805026 0 1.0999999999998953
12 1 1.1592177995508028 0.0017822004490857246 0 1.1617999999998885
12 0 1.1758767154959162 0.0018232845039705126 0 1.1784999999998866
13 0 1.2052325917335713 0.0017674082663121649 0 1.2077999999998834
13 3 1.2299368101258878 0.001763189873992932 0 1.2324999999998807
14 3 1.2547363186476153 0.0017636813522627914 0 1.257299999999878
15 3 1.2911777047424302 0.0018222952574438178 0 1.293799999999874
14 2 1.2923342769151762 0.0017657230846976901 0 1.2948999999998738
16 3 1.3020707097699247 0.001829290229948155 0 1.3046999999998727
17 3 1.3130901045036238 0.001809895496247771 0 1.3156999999998715
15 2 1.3505872361064768 0.0018127638933906898 0 1.3531999999998674
14 0 1.3703675085790084 0.001832491420856952 0 1.3729999999998652
15 0 1.4248574877522953 0.0017425122475640542 0 1.4273999999998592
18 3 1.4349598355638578 0.0017401644360004465 0 1.4374999999998581
16 2 1.4362734521231733 0.001826547876684792 0 1.438899999999858
19 3 1.4615316920980024 0.0017683079018528947 0 1.4640999999998552
17 2 1.4765732452180396 0.001826754781814044 0 1.4791999999998535
18 2 1.476776808199568 0.0016231918002855839 0 1.4791999999998535
13 1 1.4951098223500685 0.0017901776497830646 0 1.4976999999998515
14 1 1.5043482289271533 0.0017517710726973057 0 1.5068999999998505
20 3 1.5067157046048032 0.0017842953950470974 0 1.5092999999998502
15 1 1.5150097615398461 0.0017902384600032573 0 1.5175999999998493
16 0 1.5486063691434084 0.001793630856437245 0 1.5511999999998456
17 0 1.607939540364935 0.0017604596349041213 0 1.610499999999839
18 0 1.6626528426428353 0.0017471573569978194 0 1.665199999999833
21 3 1.6665941455700224 0.001805854429810294 0 1.6691999999998326
22 3 1.6667158172315477 0.0016841827682849697 0 1.6691999999998326
19 0 1.67764440806506 0.0017555919347713722 0 1.6801999999998314
16 1 1.685611698448545 0.0017883015512856204 0 1.6881999999998305
19 2 1.6947084096586102 0.0017915903412193401 0 1.6972999999998295
17 1 1.701984747416114 0.0018152525837147326 0 1.7045999999998287
18 1 1.703930782273123 0.0017692177267056852 0 1.7064999999998285
20 0 1.7055902594355488 0.0018097405642796272 0 1.7081999999998283
23 3 1.7402148358646536 0.0017851641351709358 0 1.7427999999998245
19 1 1.7489197280333653 0.0017802719664583577 0 1.7514999999998235
20 1 1.760229979521107 0.0017700204787154394 0 1.7627999999998223
21 0 1.8448478269030986 0.0017521730967144933 0 1.847399999999813
24 3 1.8775455089416755 0.0017544910581339668 0 1.8800999999998094
21 1 1.8957543577001275 0.0017456422996799947 0 1.8982999999998074
22 0 1.9277293961129083 0.0017706038868956497 0 1.9302999999998038
20 2 1.9307877070554662 0.0018122929443373792 0 1.9333999999998035
25 3 1.9769605894772968 0.0017394105225017054 0 1.9794999999997984
21 2 2.0222410946853615 0.001758905314485304 0 2.0247999999998485
23 0 2.087993189942014 0.001806810057971564 0 2.0905999999999874
22 2 2.0899331660126483 0.001766833987341343 0 2.0924999999999914
26 3 2.123874626500234 0.0018253734998272542 0 2.126500000000063
24 0 2.1682125390583935 0.0017874609417614096 0 2.1708000000001566
22 1 2.182796957598042 0.0018030424021437952 0 2.1854000000001874
23 1 2.184856813068409 0.0017431869317809934 0 2.1874000000001916
25 0 2.2154498819010415 0.0017501180992129939 0 2.218000000000256
27 3 2.2204871504534305 0.001812849546834805 0 2.223100000000267
26 0 2.257029354512011 0.0017706454883312794 0 2.259600000000344
23 2 2.2599953308800043 0.001804669120344382 0 2.2626000000003503
28 3 2.276530052200262 0.0017699478001214075 0 2.279100000000385
27 0 2.290932041672225 0.0017679583281888789 0 2.2935000000004155
29 3 2.327771641935139 0.0018283580653526421 0 2.3304000000004934
24 1 2.3407601162087817 0.0017398837917372845 0 2.3433000000005206
24 2 2.341041918819484 0.0017580811810353758 0 2.344000000000522
30 3 2.4179398108894095 0.0017601891112724033 0 2.4205000000006835
25 1 2.422488125133609 0.0018118748670827856 0 2.4251000000006933
28 0 2.4705154731627808 0.0017845268380121126 0 2.4731000000007946
31 3 2.4760038818052132 0.001796118195591223 0 2.478600000000806
25 2 2.4938338383229417 0.0017661616779003353 0 2.4964000000008437
26 1 2.4993624825824896 0.0017375174183640318 0 2.5019000000008553
32 3 2.6042009195030515 0.0017990804980234643 0 2.6068000000010767
29 0 2.609275282563678 0.0018247174374077524 0 2.6119000000010875
26 2 2.6299543329128716 0.0017456670882576297 0 2.632500000001131
27 2 2.6508322011723515 0.0017677988288218316 0 2.653400000001175
28 2 2.6784339631749123 0.0017660368263192616 0 2.6810000000012333
33 3 2.685846760220647 0.0017532397806001576 0 2.688400000001249
30 0 2.6902820015950124 0.0018179984062443033 0 2.6929000000012584
27 1 2.72091251759939 0.001787482401931495 0 2.723500000001323
28 1 2.7252683081499702 0.0018316918513603397 0 2.7279000000013323
29 2 2.7354385803958015 0.0017614196055504294 0 2.7380000000013536
34 3 2.7549227299171304 0.0017772700842626499 0 2.7575000000013947
29 1 2.7682900754482427 0.0018099245531786323 0 2.770900000001423
35 3 2.816348706457084 0.0017512935444385924 0 2.8189000000015243
36 3 2.8337642232343554 0.0017357767672039337 0 2.836300000001561
30 2 2.8702027352784967 0.0017972647231396799 0 2.872800000001638
31 0 2.919822646598168 0.001777353403573212 0 2.9224000000017427
31 2 2.926633545941636 0.0017664540601192158 0 2.929200000001757
32 2 2.932497295797295 0.001802704204473038 0 2.9351000000017695
30 1 2.9569294737990055 0.0017705262028138158 0 2.959500000001821
37 3 2.981206919448447 0.0017930805534236427 0 2.9838000000018723
33 2 2.9840559705410694 0.001744029460807095 0 2.986600000001878
32 0 3.003650519233973 0.0017494807679447888 0 3.0062000000019196
33 0 3.058630432537261 0.0017695674647728588 0 3.0612000000020356
34 0 3.0626090526673337 0.0017909473347086369 0 3.065200000002044
34 2 3.0670661399258856 0.0017338600761660494 0 3.0696000000020534
38 3 3.114068882111942 0.0018311178902088443 0 3.1167000000021527
31 1 3.119289979694007 0.0018100203081550248 0 3.1219000000021637
35 2 3.1261895299629905 0.0018104700391861073 0 3.1288000000021783
36 2 3.1776200289930645 0.00177997100922056 0 3.1802000000022868
35 0 3.182737689608599 0.0017623103936967865 0 3.1853000000022975
36 0 3.1969094065490196 0.0017905934533062329 0 3.1995000000023275
32 1 3.2139554282347715 0.0017445717675901307 0 3.2165000000023634
33 1 3.2229527003126632 0.0017472996897174298 0 3.2255000000023824
39 3 3.2428258045092098 0.0017741954932128934 0 3.2454000000024243
40 3 3.3312162295784797 0.0017837704241294716 0 3.333800000002611
37 2 3.3852324589686806 0.0017675410340425302 0 3.387800000002725
41 3 3.3905901667760907 0.0018098332266438533 0 3.3932000000027362
42 3 3.462391474262828 0.0018085257400581867 0 3.4650000000028878
37 0 3.516496167293264 0.001803832709736053 0 3.519100000003002
38 0 3.5226745232892362 0.0018254767137770855 0 3.525300000003015
43 3 3.533405826798681 0.0017941732043547098 0 3.5360000000030376
34 1 3.5708098776148858 0.0017901223882290651 0 3.5734000000031165
35 1 3.5982014432761003 0.001798556727072409 0 3.6008000000031744
36 1 3.6102687186398246 0.001831281363373627 0 3.6129000000032
44 3 3.6353506948945284 0.0017493051087225098 0 3.6379000000032526
38 2 3.6597951290931316 0.001804870910171008 0 3.6624000000033043
37 1 3.6647521706597677 0.0017478293435453374 0 3.6673000000033147
39 0 3.6824428435339835 0.0017571564693668051 0 3.685000000003352
40 0 3.686086955476022 0.0018130445273363271 0 3.68870000000336
38 1 3.7273851964763014 0.0018148035271439156 0 3.730000000003447
39 1 3.7499678766960605 0.0018321233074325427 0 3.7526000000034947
41 0 3.862661985188096 0.0017380148156345143 0 3.8652000000037323
39 2 3.8642362429983024 0.001763757005431632 0 3.8668000000037357
40 1 3.8812477204926377 0.0017522795111322154 0 3.8838000000037716
41 1 3.897223029243554 0.0017769707602495188 0 3.8998000000038053
45 3 3.908973730887787 0.0018262691160413347 0 3.9116000000038302
42 0 3.9318616394099055 0.0017383605939711444 0 3.9344000000038784
43 0 3.933601721483573 0.0017982785203076723 0 3.936200000003882
44 0 4.016930385359669 0.0017696146443038074 0 4.019500000003971
46 3 4.036361902228619 0.0017380977753083116 0 4.038900000003926
45 0 4.051860901845496 0.001739098158395791 0 4.05440000000389
42 1 4.055058987221554 0.0017410127823298538 0 4.057600000003882
47 3 4.155214761272964 0.0017852387306867001 0 4.157800000003649
43 1 4.164755540425166 0.001744459578461921 0 4.167300000003626
40 2 4.195740951186447 0.00175904881710931 0 4.198300000003554
48 3 4.223338182120445 0.0017618178830467457 0 4.22590000000349
41 2 4.224321738554587 0.001778261448902363 0 4.2269000000034875
42 2 4.236700859629497 0.0017991403739632261 0 4.239300000003459
44 1 4.257326406887469 0.0017735931159430507 0 4.259900000003411
45 1 4.264127419308024 0.001772580695372561 0 4.266700000003395
49 3 4.286381641263337 0.0018183587400075751 0 4.289000000003343
50 3 4.3061698553672985 0.001830144636000064 0 4.308800000003297
46 1 4.33899071018258 0.0018092898206418795 0 4.34160000000322
47 1 4.344815512765029 0.0017844872381793664 0 4.347400000003207
48 1 4.347599142941997 0.0018008570612053632 0 4.3502000000032
43 2 4.364214414309706 0.0017855856934572145 0 4.3668000000031615
46 0 4.377168228014696 0.00183177198843687 0 4.379800000003131
51 3 4.388992808233924 0.0018071917691813155 0 4.391600000003104
49 1 4.445651829826747 0.0017481701762269708 0 4.448200000002972
44 2 4.491326900798683 0.0017730992041844473 0 4.493900000002865
52 3 4.502091029197906 0.0018089708049355835 0 4.50470000000284
45 2 4.506723376112953 0.0017766238898779818 0 4.509300000002829
47 0 4.596329991383882 0.0017700086187399933 0 4.598900000002621
53 3 4.60120483037839 0.0017951696242208826 0 4.603800000002609
46 2 4.607865629656204 0.0017343703463916782 0 4.610400000002594
48 0 4.61561164881035 0.001788351192227644 0 4.618200000002576
54 3 4.616271151190299 0.001828848812277073 0 4.619000000002574
47 2 4.6353678829968255 0.0018321170057058467 0 4.638000000002529
49 0 4.689705880209413 0.0017941197929918218 0 4.692300000002403
48 2 4.759497790727434 0.0018022092748077867 0 4.76210000000224
49 2 4.767565387544688 0.0017346124575352562 0 4.770100000002222
55 3 4.771001069068572 0.0017989309336430281 0 4.773600000002213
50 0 4.774536550267652 0.0017634497345548894 0 4.777100000002205
51 0 4.793119420989239 0.0017805790129248322 0 4.795700000002162
56 3 4.842826838678052 0.0017731613239959643 0 4.845400000002046
57 3 4.871016175157077 0.0017838248449049132 0 4.87360000000198
52 0 4.889417328044964 0.0017826719569749017 0 4.8920000000019375
50 2 4.895526389882281 0.0017736101196437204 0 4.898100000001923
58 3 4.907951802631677 0.001748197370218918 0 4.910500000001894
59 3 4.919250383788908 0.0017496162129617687 0 4.921800000001868
53 0 4.949433949880138 0.0017660501216614222 0 4.952000000001798
54 0 4.9762384493325635 0.001761550669173495 0 4.978800000001735
60 3 4.977667020645568 0.0019329793561650987 0 4.980400000001731
50 1 4.98983242713191 0.0017675728697952309 0 4.9924000000017035
