#17 ONUs
# id src init_time waited_time freq processed_time
0 2 0.01710774140057519 0.0017922585994247509 0 0.019699999999999936
0 8 0.035749401999020054 0.001750598000979993 0 0.03830000000000007
0 9 0.040013176964489944 0.0017868230355102266 0 0.04260000000000019
0 10 0.04719268085464351 0.001807319145356867 0 0.0498000000000004
0 14 0.05293864577626802 0.0017613542237325183 0 0.05550000000000056
1 10 0.05553810730127081 0.0017618926987298042 0 0.05810000000000064
2 10 0.06247301348740487 0.0018269865125959475 0 0.06510000000000084
0 16 0.0628708322534241 0.0018291677465767237 0 0.06580000000000086
0 5 0.07543337896348125 0.0017666210365199359 0 0.07800000000000121
0 3 0.07643085724400199 0.0017691427559992229 0 0.07900000000000124
1 3 0.07846578550559441 0.0017342144944068605 0 0.0810000000000013
0 0 0.07991408006435942 0.001885919935641897 0 0.08260000000000134
1 14 0.08026265752458603 0.0018373424754152962 0 0.08330000000000136
0 7 0.09050637941411654 0.0017936205858850723 1 0.09310000000000164
0 11 0.09133325092850361 0.0017667490714980277 1 0.09390000000000166
0 4 0.10193142397714147 0.0017685760228604713 1 0.10450000000000197
1 2 0.12325804929906453 0.001741950700938022 0 0.12580000000000247
2 3 0.12943553311799122 0.0017644668820106513 0 0.13200000000000178
1 9 0.13156029619080584 0.0017397038091958028 0 0.13410000000000155
0 6 0.13245159575924628 0.001748404240755258 1 0.13500000000000145
0 1 0.14454591862650248 0.0017540813734977234 1 0.14710000000000012
1 4 0.1500097015314375 0.0017902984685621015 1 0.1525999999999995
2 4 0.1642734308639439 0.0018265691360541403 1 0.16689999999999794
1 0 0.16521527855066015 0.0017847214493377783 0 0.16779999999999784
3 3 0.16735792371507818 0.0017420762849195137 0 0.1698999999999976
1 6 0.16811711836190343 0.0017828816380941748 1 0.17069999999999752
0 15 0.16885052540793183 0.0018494745920656919 1 0.17149999999999743
1 16 0.16922279430839876 0.0017772056915987267 0 0.1717999999999974
0 12 0.1717973971546023 0.0018026028453949072 1 0.1743999999999971
1 5 0.17526389836239675 0.0017361016376000737 0 0.17779999999999674
2 6 0.194446450373906 0.0017535496260887018 1 0.19699999999999462
0 13 0.1995110767435314 0.0017889232564627378 1 0.20209999999999406
1 7 0.21770326471662402 0.0017967352833681283 1 0.22029999999999206
1 1 0.22231150714004058 0.0017884928599510574 1 0.22489999999999155
2 16 0.233894738132379 0.001805261867611374 0 0.23649999999999027
2 14 0.24490042070696055 0.001799579293028597 0 0.24749999999998906
1 15 0.2457908903427049 0.001809109657284147 1 0.24839999999998896
2 15 0.24581429503097857 0.001785704969010482 1 0.24839999999998896
3 4 0.2459435334668154 0.0020564665331735954 1 0.24919999999998887
4 3 0.2538929934151038 0.001807006584884363 0 0.25649999999998807
3 15 0.2576266722986582 0.0017733277013295412 1 0.26019999999998766
1 12 0.2739237871191407 0.0017762128808452293 1 0.27649999999998587
3 10 0.277571259758997 0.0018287402409885578 0 0.28019999999998546
2 5 0.2781101325279967 0.001789867471988782 0 0.2809999999999854
1 8 0.2820731267794435 0.0018268732205415361 0 0.28469999999998497
2 1 0.28531476786327414 0.0017852321367105572 1 0.2878999999999846
3 1 0.28580710071638116 0.0012928992836035436 1 0.2878999999999846
3 16 0.2924639594038763 0.001736040596107602 0 0.29499999999998383
1 13 0.29509043031975457 0.0018095696802290506 1 0.29769999999998353
2 12 0.2972133297718369 0.001786670228146492 1 0.2997999999999833
3 12 0.3031134136124405 0.001786586387542255 1 0.30569999999998265
1 11 0.3039671342252036 0.0018328657747790356 1 0.30659999999998255
2 7 0.3075452501426212 0.001754749857361071 1 0.31009999999998217
3 5 0.3164331177893955 0.0017668822105857962 0 0.3189999999999812
4 1 0.3250348998822366 0.001765100117743723 1 0.32759999999998024
3 7 0.327662993295675 0.0017370067043050441 1 0.33019999999997995
4 15 0.3385147650253473 0.0017852349746315666 1 0.34109999999997875
3 14 0.33981235491398465 0.0017876450859940496 0 0.3423999999999786
5 1 0.3419986513610802 0.001801348638898248 1 0.34459999999997837
4 4 0.3429719863977594 0.0018280136022189586 1 0.34559999999997826
4 10 0.3444061898706442 0.0017938101293339948 0 0.3469999999999781
2 11 0.34533446194709805 0.0017655380528800446 1 0.347899999999978
4 14 0.3463549311327113 0.0017450688672666637 0 0.3488999999999779
6 1 0.359621759153845 0.0017782408461315402 1 0.36219999999997643
5 4 0.36610894054358845 0.001791059456387356 1 0.3686999999999757
2 9 0.37403305440194146 0.0017669455980334758 0 0.37659999999997484
2 2 0.3794062121692023 0.0017937878307720534 0 0.38199999999997425
3 6 0.3888417946220958 0.0017582053778775197 1 0.3913999999999732
7 1 0.3927344832193318 0.0017655167806410743 1 0.3952999999999728
2 13 0.39733324534408476 0.0017667546558876035 1 0.3998999999999723
2 8 0.3981187520198411 0.0017812479801311842 0 0.4006999999999722
5 15 0.4188343323168178 0.0017656676831521723 1 0.4213999999999699
4 12 0.4275785838741733 0.0018214161257957273 1 0.43019999999996894
5 10 0.4326085599373557 0.0017914400626127813 0 0.4351999999999684
3 9 0.43542106101062306 0.0017789389893451135 0 0.4379999999999681
6 15 0.44011281176445644 0.0017871882355112167 1 0.44269999999996756
4 5 0.4423990246918914 0.0018009753080759916 0 0.4449999999999673
5 3 0.44292032655364516 0.001779673446322183 0 0.4457999999999672
4 16 0.4438913275784192 0.0019086724215480189 0 0.44659999999996713
5 5 0.44565853975060116 0.0017414602493658893 0 0.44819999999996696
3 8 0.4573039296750102 0.0017960703249555454 0 0.45989999999996567
5 14 0.4620152385925343 0.001784761407430946 0 0.46459999999996515
3 13 0.47438477294839854 0.001815227051565338 1 0.4769999999999638
3 2 0.48478767729969313 0.0018123227002695974 0 0.48739999999996264
4 13 0.5000544481886396 0.0017455518113214108 1 0.502599999999961
4 2 0.5010256471020894 0.001774352897871534 0 0.5035999999999609
6 14 0.5018632693089096 0.0017367306910512914 0 0.5043999999999608
5 12 0.5062535339112556 0.0017464660887047678 1 0.5087999999999603
8 1 0.5074087045732646 0.0017912954266956493 1 0.5099999999999602
6 10 0.5128511367809037 0.001748863219055985 0 0.5153999999999596
4 8 0.5193947084664718 0.0018052915334870745 0 0.5219999999999588
5 16 0.5271455669031045 0.0017544330968535249 0 0.529699999999958
5 13 0.5315604443189962 0.0017395556809614021 1 0.5340999999999575
6 5 0.5484679682819907 0.001832031717964977 0 0.5510999999999556
2 0 0.5508032028049656 0.0017967971949898187 0 0.5533999999999554
4 9 0.5532141648265625 0.0017858351733927025 0 0.5557999999999551
4 7 0.5543147082516144 0.0017852917483406339 1 0.556899999999955
5 2 0.5552822618042368 0.001817738195718177 0 0.5578999999999549
6 12 0.5570489662742745 0.0017510337256803066 1 0.5595999999999547
7 14 0.575589947888296 0.0018100521116567458 0 0.5781999999999526
6 3 0.5852864257545773 0.0018135742453743164 0 0.5878999999999516
4 6 0.5936786179782287 0.0018213820217219956 1 0.5962999999999506
5 7 0.5946225794753368 0.0017774205246138264 1 0.5971999999999505
9 1 0.599606040702524 0.0017939592974260954 1 0.60219999999995
6 13 0.6004431829412082 0.0017568170587417553 1 0.6029999999999499
3 11 0.6043222316285215 0.0017777683714280679 1 0.6068999999999495
7 10 0.6081984109783223 0.0018015890216268593 0 0.610799999999949
5 9 0.6104007929003048 0.0017992070996440956 0 0.6129999999999488
8 14 0.615711902524385 0.0017880974755632995 0 0.6182999999999482
3 0 0.6190577966281582 0.0017422033717897634 0 0.6215999999999479
6 2 0.6242032594626611 0.00179674053728629 0 0.6267999999999473
6 7 0.6402387667663636 0.0017612332335820158 1 0.6427999999999455
6 16 0.6528222118589349 0.0017777881410093732 0 0.6553999999999441
10 1 0.6573109892140317 0.001789010785911982 1 0.6598999999999436
8 10 0.6615581686405888 0.001741831359354462 0 0.6640999999999432
7 2 0.6640395944838167 0.0017604055161263288 0 0.6665999999999429
7 13 0.6643329521980488 0.0021670478018941397 1 0.6672999999999428
7 3 0.6641513516987477 0.0020486483011952217 0 0.6673999999999428
4 0 0.6653288144075267 0.0017711855924161801 0 0.6680999999999427
7 12 0.6813595220591432 0.001740477940797902 1 0.683899999999941
6 4 0.6874870354051934 0.0018129645947470019 1 0.6900999999999403
8 12 0.6972689993062707 0.001831000693668594 1 0.6998999999999392
7 15 0.6986777244581702 0.0018222755417689473 1 0.7012999999999391
9 14 0.6995448544931093 0.0017551455068297583 0 0.702099999999939
11 1 0.711662248473193 0.001737751526744713 1 0.7141999999999377
8 13 0.7177157310404055 0.001784268959531543 1 0.720299999999937
5 6 0.7198805585267096 0.0018194414732272124 1 0.7224999999999367
6 6 0.7430667842367765 0.0018332157631577584 1 0.7456999999999342
7 16 0.7527164230201617 0.001783576979771495 0 0.7552999999999331
4 11 0.7528416995135403 0.0020583004863928833 1 0.7555999999999331
7 7 0.7571536929355609 0.0017463070643718437 1 0.7596999999999327
7 5 0.7628020637166835 0.0017979362832486467 0 0.765399999999932
7 6 0.7635710218812591 0.001828978118672886 1 0.7661999999999319
8 3 0.778342508653263 0.0017574913466673614 0 0.7808999999999303
9 3 0.7838440835403782 0.001755916459551643 0 0.7863999999999297
9 10 0.7839114772699072 0.0020885227300225795 0 0.7871999999999296
9 12 0.7868935103938912 0.0018064896060382418 1 0.7894999999999294
10 3 0.7887409437747945 0.0017590562251347253 0 0.7912999999999292
10 14 0.7895404705516942 0.0017595294482349866 0 0.7920999999999291
5 8 0.7924470931880617 0.0017529068118671276 0 0.7949999999999288
5 0 0.7927623614634078 0.001837638536520969 0 0.7957999999999287
8 2 0.8011327362296183 0.0017672637703095573 0 0.8036999999999278
8 15 0.8017626056076326 0.001737394392295255 1 0.8042999999999277
11 3 0.8037072819392328 0.001792718060694809 0 0.8062999999999275
10 10 0.8083265231744783 0.0017734768254488165 0 0.810899999999927
12 1 0.8099766207863214 0.001823379213605536 1 0.8125999999999268
8 16 0.8120476531376711 0.0017523468622555605 0 0.8145999999999266
9 13 0.8153801473242206 0.0018198526757057243 1 0.8179999999999262
11 14 0.8164431513654145 0.001756848634511754 0 0.8189999999999261
9 15 0.8266672647244783 0.0018327352754468063 1 0.829299999999925
10 12 0.8271258510211763 0.0017741489787487241 1 0.8300999999999249
6 8 0.8297911091789392 0.0018088908209855648 0 0.8323999999999246
5 11 0.837261795274641 0.0017382047252829658 1 0.8397999999999238
10 13 0.8411938568988536 0.001806143101069857 1 0.8437999999999234
13 1 0.8452587446762835 0.0017412553236395567 1 0.847799999999923
8 5 0.8474238622213649 0.0017761377785578958 0 0.8499999999999227
6 11 0.8478495578795933 0.0017504421203294873 1 0.8503999999999227
14 1 0.8507553522423594 0.0017446477575630004 1 0.8532999999999223
7 11 0.8510032641177991 0.001896735882123246 1 0.8540999999999223
12 3 0.8571669780563334 0.0018330219435883643 0 0.8597999999999216
8 11 0.8603347935213365 0.001765206478584913 1 0.8628999999999213
7 8 0.8616531272729944 0.0017468727269268625 0 0.8641999999999211
9 16 0.8665425130124984 0.0017574869874222854 0 0.8690999999999206
15 1 0.8676869969091383 0.0018130030907822503 1 0.8702999999999205
8 6 0.8794110943564898 0.0017889056434294837 1 0.8819999999999192
9 2 0.8858477378502435 0.0017522621496750546 0 0.8883999999999185
13 3 0.8866713489044932 0.0018286510954252932 0 0.8892999999999184
16 1 0.9017652992707375 0.0017347007291793615 1 0.9042999999999167
11 13 0.903914084809536 0.001785915190380627 1 0.9064999999999165
12 13 0.9119335305954741 0.001766469404441584 1 0.9144999999999156
10 16 0.9140239456175927 0.001776054382322756 0 0.9165999999999154
6 0 0.915638062738687 0.001761937261228308 0 0.9181999999999152
8 8 0.9184218042210291 0.0017781957788858271 0 0.9209999999999149
7 0 0.9234608089626866 0.0017391910372278607 0 0.9259999999999143
6 9 0.9276358806810323 0.0017641193188816517 0 0.9301999999999139
17 1 0.9299622403296779 0.0017377596702358167 1 0.9324999999999136
10 2 0.9310863802610115 0.0018136197389020392 0 0.9336999999999135
8 0 0.9401705370286426 0.0018294629712699573 0 0.9427999999999125
9 8 0.9556954169540336 0.0018045830458772727 0 0.9582999999999108
9 6 0.976739531697466 0.001760468302442586 1 0.9792999999999085
9 11 0.9794923796502869 0.0018076203496213417 1 0.9820999999999082
9 0 0.9883387508684645 0.0017612491314428214 0 0.9908999999999072
12 14 0.9902134700123196 0.0017865299875874374 0 0.992799999999907
13 14 0.9945271062345178 0.0017728937653888055 0 0.9970999999999065
13 13 0.9980333767086489 0.0017666232912573188 1 1.0005999999999062
7 9 1.009875047689942 0.001824952309962935 0 1.012499999999905
11 2 1.0117905304816965 0.001809469518208262 0 1.0143999999999047
12 2 1.0124658132411206 0.0011341867587841836 0 1.0143999999999047
14 13 1.0236859093819186 0.001814090617984876 1 1.0262999999999034
11 16 1.0355689173727565 0.0018310826271457081 0 1.038199999999902
13 2 1.036337358465098 0.0017626415348042102 0 1.038999999999902
10 8 1.0384035942194012 0.001796405780500665 0 1.0409999999999018
14 14 1.0410922415315547 0.0018077584683469095 0 1.0436999999999015
12 16 1.0416161499450398 0.001783850054861702 0 1.0444999999999014
10 6 1.0434256262864041 0.0018743737134971905 1 1.0460999999999012
18 1 1.046529397046971 0.0017706029529300782 1 1.049099999999901
14 3 1.0477756033355727 0.0018243966643280984 0 1.0503999999999007
8 7 1.05437438465605 0.0018256153438500622 1 1.0569999999999
10 11 1.0569400161164075 0.0017599838834922998 1 1.0594999999998997
19 1 1.0606428549621332 0.00175714503776625 1 1.0631999999998993
11 8 1.0829494342137964 0.0017505657861005552 0 1.0854999999998969
15 3 1.099222751585411 0.0017772484144842338 0 1.101799999999895
10 15 1.1011760914359123 0.0018239085639826236 1 1.1037999999998949
7 4 1.1078418689999263 0.0017581309999679107 1 1.1103999999998941
11 11 1.1112317649689263 0.0017682350309675687 1 1.1137999999998938
11 6 1.1208265655518348 0.0017734344480579978 1 1.1233999999998927
16 3 1.1318676187429648 0.0018323812569267517 0 1.1344999999998915
20 1 1.1363294457831068 0.0017705542167842925 1 1.138899999999891
14 2 1.1397986843839094 0.0018013156159812915 0 1.1423999999998906
12 8 1.140012720339193 0.0019872796606976717 0 1.1431999999998905
11 12 1.1463849787425582 0.0018150212573317948 1 1.1489999999998899
10 0 1.146761405889368 0.0017385941105219072 0 1.1492999999998899
13 8 1.164981251982838 0.0018187480170499537 0 1.1675999999998878
15 2 1.1672007517043845 0.001799248295503153 0 1.1697999999998876
13 16 1.1701287512976295 0.001771248702257866 0 1.1726999999998873
11 15 1.1811003048772468 0.0017996951226393332 1 1.183699999999886
15 14 1.1828671923671195 0.0018328076327664977 0 1.1854999999998859
11 10 1.1956366286359907 0.0017633713638938175 0 1.1981999999998845
12 10 1.1981956346164238 0.0018043653834605156 0 1.2007999999998842
14 16 1.2006706611697198 0.0018293388301642288 0 1.203299999999884
12 12 1.213915530052772 0.0017844699471105674 1 1.2164999999998825
12 15 1.2252290439025648 0.0017709560973164784 1 1.2277999999998812
8 4 1.2310354523947693 0.0017645476051113551 1 1.2335999999998806
16 14 1.2387579722792792 0.001742027720600614 0 1.2412999999998797
17 14 1.2390064220644814 0.0014935779353983936 0 1.2412999999998797
15 16 1.2402386437089754 0.0018613562909042258 0 1.2428999999998795
17 3 1.2406237220605418 0.001876277939337756 0 1.2436999999998795
13 12 1.2452362664805958 0.0017637335192832726 1 1.247799999999879
16 2 1.2497113086198077 0.0017886913800708726 0 1.2522999999998785
9 4 1.2563992827018204 0.0018007172980574193 1 1.2589999999998778
15 13 1.2614023984797589 0.0017976015201184303 1 1.2639999999998772
12 11 1.261418456947213 0.002181543052664159 1 1.2647999999998771
11 0 1.264455720694986 0.001744279304890961 0 1.266999999999877
13 15 1.2695733437210337 0.0018266562788427088 1 1.2721999999998763
18 3 1.2856189552249275 0.0017810447749471159 0 1.2881999999998746
14 15 1.2879635902217026 0.001736409778171799 1 1.2904999999998743
9 7 1.2890456139067323 0.0017543860931419353 1 1.2915999999998742
14 12 1.2891388397290786 0.0020611602707956145 1 1.292399999999874
10 4 1.295258658454928 0.0017413415449456515 1 1.2977999999998735
9 5 1.296010644186106 0.0017893558137676013 0 1.2985999999998734
16 16 1.2973903413997943 0.0018096586000790893 0 1.2999999999998733
17 2 1.2992707200969862 0.0018292799028869489 0 1.301899999999873
11 4 1.3124865191128856 0.0018134808869860741 1 1.3150999999998716
16 13 1.3229953723547023 0.0018046276451681997 1 1.3255999999998704
19 3 1.330904386236666 0.0017956137632035851 0 1.3334999999998696
18 14 1.3365581852543573 0.0017418147455117161 0 1.339099999999869
17 16 1.3430611174790799 0.001738882520788465 0 1.3455999999998682
20 3 1.3438171525730391 0.001782847426829104 0 1.3463999999998681
13 10 1.3516235874834668 0.001776412516400594 0 1.3541999999998673
15 12 1.3727341595464757 0.0017658404533893446 1 1.375299999999865
14 10 1.3902022889281576 0.0017977110717055655 0 1.392799999999863
8 9 1.4061136039525564 0.0017863960473050167 0 1.4086999999998613
14 8 1.4168660101657506 0.0017339898341095505 0 1.41939999999986
10 5 1.4168959705442943 0.00210402945556587 0 1.42019999999986
12 4 1.4196463044678462 0.001753695532013655 1 1.4221999999998598
10 7 1.4236422568680487 0.0017577431318107628 1 1.4261999999998594
16 12 1.4288378785769835 0.0017621214228753512 1 1.4313999999998588
21 3 1.4294801545473825 0.0018198454524762653 0 1.4320999999998587
15 8 1.4435752188356197 0.0018247811642375655 0 1.4461999999998572
13 11 1.4498163846243166 0.0017836153755399486 1 1.4523999999998565
13 4 1.4536125192662137 0.0017874807336424325 1 1.456199999999856
19 14 1.4556546252547813 0.0017453747450746349 0 1.4581999999998558
17 12 1.464528220398452 0.0017717796014029563 1 1.4670999999998549
21 1 1.4647543494665909 0.0019456505332640095 1 1.4678999999998548
12 6 1.4667416455905478 0.0017583544093069392 1 1.4692999999998546
14 4 1.4731244626749627 0.0017755373248913298 1 1.475699999999854
11 5 1.4741727166024357 0.0018272833974182223 0 1.4767999999998538
20 14 1.4816350912264378 0.0017649087734152857 0 1.484199999999853
17 13 1.4871463899223112 0.0017536100775412677 1 1.4896999999998524
12 5 1.4887558834784966 0.001744116521355643 0 1.4912999999998522
9 9 1.490156339295567 0.0017436607042851104 0 1.492699999999852
11 7 1.5060064171849554 0.001793582814894945 1 1.5085999999998503
12 0 1.5107743525941455 0.0018256474057043448 0 1.5133999999998498
22 1 1.531140905270959 0.0017590947288885772 1 1.5336999999998475
15 10 1.5360944226688522 0.0018055773309948453 0 1.538699999999847
23 1 1.5725427520119863 0.0017572479878567027 1 1.575099999999843
15 4 1.5797842468078234 0.0018157531920188763 1 1.5823999999998422
18 12 1.584253721638496 0.0017462783613457766 1 1.5867999999998417
13 5 1.5868219206003134 0.0017780793995281208 0 1.5893999999998414
18 13 1.6009761052876423 0.0018238947121975713 1 1.6035999999998398
16 10 1.6105820948987892 0.0018179051010496217 0 1.6131999999998388
18 2 1.6130148205858963 0.001785179413942295 0 1.6155999999998385
19 2 1.6161257253355932 0.001774274664245068 0 1.6186999999998382
15 15 1.618332644753151 0.0017673552466870301 1 1.620899999999838
18 16 1.6255143015936326 0.0017856984062045722 0 1.6280999999998371
24 1 1.6300831157287694 0.0018168842710672983 1 1.6326999999998366
14 11 1.6363237974251277 0.001776202574708341 1 1.638899999999836
20 2 1.6417649258710223 0.00173507412881313 0 1.6442999999998353
12 7 1.6437344595492998 0.0017655404505354522 1 1.6462999999998351
21 14 1.6518522738468386 0.0017477261529956767 0 1.6543999999998342
16 8 1.6532010534070427 0.0017989465927914505 0 1.655799999999834
13 6 1.65667275205544 0.0018272479443937062 1 1.6592999999998337
19 13 1.6571610755913309 0.0017389244085028732 1 1.6600999999998336
14 5 1.6613163767606496 0.0017836232391836848 0 1.6638999999998332
15 11 1.6647051222881322 0.0017948777117007264 1 1.6672999999998328
10 9 1.6713850878794196 0.0018149121204125152 0 1.673999999999832
15 5 1.6784963369485455 0.0018036630512858753 0 1.6810999999998313
20 13 1.6818494236247614 0.0017505763750695902 1 1.684399999999831
19 12 1.6872187101387306 0.0017812898610998218 1 1.6897999999998303
16 11 1.6928408913265875 0.001759108673242249 1 1.6953999999998297
17 10 1.7040626567774644 0.001737343222364185 0 1.7065999999998285
25 1 1.7046047497050876 0.0017952502947409243 1 1.7071999999998284
16 15 1.7097418104160929 0.0017581895837350814 1 1.7122999999998278
22 14 1.7365539357128001 0.00174606428702484 0 1.739099999999825
20 12 1.7397775075008628 0.0018224924989618252 1 1.7423999999998245
17 15 1.7429113757744297 0.0017886242253946083 1 1.7454999999998242
22 3 1.745704104919655 0.0017958950801688633 0 1.7482999999998239
21 2 1.7472615845864612 0.001838415413362604 0 1.7498999999998237
16 4 1.7558301848583489 0.001769815141474007 1 1.7583999999998228
21 12 1.7584574214036968 0.00174257859612581 1 1.7609999999998225
26 1 1.7594530824744117 0.001746917525410785 1 1.7619999999998224
23 14 1.760101189733602 0.0017988102662203076 0 1.7626999999998223
18 15 1.770382121869555 0.0018178781302662372 1 1.7729999999998212
22 12 1.7710461154182877 0.0017538845815334714 1 1.773799999999821
13 7 1.777331226949856 0.0017687730499644783 1 1.7798999999998204
17 11 1.7813529847856446 0.001747015214175418 1 1.78389999999982
18 10 1.7831629806784675 0.0017370193213523955 0 1.7856999999998198
18 11 1.7839299690098251 0.0017700309899946198 1 1.7864999999998197
17 4 1.784245177193224 0.0018548228065957684 1 1.7872999999998196
11 9 1.7849080878516315 0.0017919121481881906 0 1.7874999999998196
14 6 1.7920725900303396 0.0018274099694792767 1 1.7946999999998188
12 9 1.7959254943681258 0.00177450563169268 0 1.7984999999998184
17 8 1.803425926471646 0.0017740735281717157 0 1.8059999999998175
13 9 1.8093719087382907 0.0018280912615262768 0 1.8119999999998169
27 1 1.8250461995161524 0.001753800483662804 1 1.8275999999998152
24 14 1.8298471434909331 0.0017528565088815729 0 1.8323999999998146
23 3 1.8304865600871854 0.0018134399126292777 0 1.8331999999998145
28 1 1.833741859688956 0.0017581403108581917 1 1.8362999999998142
21 13 1.8353274961485166 0.0017725038512974578 1 1.837899999999814
22 2 1.8390566904911225 0.001743309508691171 0 1.8415999999998136
18 8 1.8405918267491597 0.001808173250653855 0 1.8431999999998134
23 12 1.8408899567272639 0.001910043272549622 1 1.8434999999998134
15 6 1.849542222831179 0.0017577771686334565 1 1.8520999999998125
29 1 1.857318226139576 0.0017817738602357025 1 1.8598999999998116
13 0 1.8576943720368635 0.001805627962948142 0 1.8602999999998115
19 16 1.8599593955883469 0.001740604411464508 0 1.8624999999998113
20 16 1.860090421498944 0.0016095785008674035 0 1.8624999999998113
16 6 1.86504663612619 0.0017533638736209056 1 1.8675999999998107
25 14 1.8736409512924022 0.0017590487074077288 0 1.8761999999998098
22 13 1.8806844011647192 0.00181559883508986 1 1.883299999999809
14 9 1.8908639358322354 0.0017360641675725486 0 1.893399999999808
15 9 1.899629874413801 0.0017701255860060883 0 1.902199999999807
30 1 1.9028539956012236 0.0017460043985830787 1 1.9053999999998066
23 13 1.9042932657782312 0.0019067342215752792 1 1.9069999999998064
14 0 1.9077780871464463 0.0018219128533598639 0 1.910399999999806
24 13 1.908212827100345 0.0017871728994611757 1 1.910799999999806
16 9 1.908518113697154 0.0017818863026519693 0 1.911199999999806
24 3 1.9087167486296852 0.0019832513701207866 0 1.9118999999998059
25 3 1.9089166485923779 0.0017833514074281354 0 1.9118999999998059
19 10 1.9170387286230737 0.0017612713767314325 0 1.919599999999805
17 9 1.918420560986021 0.0017794390137839677 0 1.9209999999998049
31 1 1.9197735658473938 0.0018264341524110161 1 1.9223999999998047
32 1 1.9203748726598282 0.001225127339976595 1 1.9223999999998047
18 4 1.9200469747145346 0.0019530252852701935 1 1.9231999999998046
17 6 1.9224018923598034 0.001798107640001101 1 1.9249999999998044
23 2 1.9247098618245055 0.0017901381752987167 0 1.9272999999998042
20 10 1.9291332278081301 0.001766772191673649 0 1.9316999999998037
19 15 1.930869040154389 0.0018309598454144815 1 1.9334999999998035
19 11 1.9351994279244347 0.001800572075368434 1 1.937799999999803
25 13 1.9416215668949244 0.0017784331048780189 1 1.9441999999998023
20 11 1.9512547893009435 0.001745210698857802 1 1.9537999999998013
16 5 1.9577522467948294 0.0017477532049712252 0 1.9602999999998005
19 8 1.965982426118077 0.0018175738817227671 0 1.9685999999997996
20 15 1.975164949312107 0.0017350506876916416 1 1.9776999999997986
26 14 1.9765438439888174 0.0017561560109811136 0 1.9790999999997985
26 3 1.9777548950201265 0.001745104979671952 0 1.9802999999997983
21 16 1.9779541749512801 0.001945825048518257 0 1.9810999999997982
21 15 1.9997715788426098 0.0018284211571897302 1 2.0023999999998012
21 10 2.0200454161802917 0.0017545838195505148 0 2.022599999999844
14 7 2.0216631090972523 0.0017368909025932133 1 2.0241999999998472
17 5 2.022592164127395 0.001807835872452479 0 2.0251999999998493
18 6 2.0313673371333323 0.0018326628665339406 1 2.033999999999868
22 16 2.035919366596084 0.0017806334037917537 0 2.0384999999998774
19 6 2.039035508617016 0.0017644913828660513 1 2.041599999999884
19 4 2.041981475368799 0.0018185246310897796 1 2.0445999999998903
27 14 2.0427493287414813 0.0017506712584087758 0 2.0452999999998918
23 16 2.045609178767697 0.0017908212321993133 0 2.048199999999898
21 11 2.0526203091079602 0.001779690891950736 1 2.0551999999999127
15 0 2.0608884541552475 0.0018115458446810173 0 2.06349999999993
27 3 2.0827550274822832 0.0017449725176912345 0 2.085299999999976
16 0 2.0872310457805536 0.001768954219430352 0 2.0897999999999857
33 1 2.090225336514667 0.0017746634853232912 1 2.092799999999992
15 7 2.0940980790327135 0.0018019209672850423 1 2.0967000000000002
22 11 2.1004005902990124 0.0017994097009994547 1 2.1030000000000135
16 7 2.103663156657271 0.001736843342747374 1 2.1062000000000203
18 5 2.1072508999309423 0.0017491000690839087 0 2.109800000000028
24 2 2.116040589851473 0.0017594101485718383 0 2.1186000000000464
20 8 2.1481513113605795 0.0017486886395330359 0 2.150700000000114
20 6 2.149705848716919 0.001794151283196932 1 2.1523000000001176
28 14 2.1604675143968444 0.0018324856032942982 0 2.1631000000001404
28 3 2.161127690681572 0.0017723093185679772 0 2.163800000000142
29 14 2.1635135076892955 0.0017864923108494857 0 2.1661000000001467
24 12 2.1645435560466497 0.0017564439534973886 1 2.167100000000149
21 8 2.1715280100613397 0.001771989938822216 0 2.1741000000001636
21 6 2.1720568805156995 0.0017431194844634845 1 2.1746000000001646
23 11 2.177707683388927 0.0017923166112479016 1 2.1803000000001767
30 14 2.180305262482977 0.001794737517203604 0 2.182900000000182
24 16 2.1869464178493985 0.001753582150795907 0 2.189500000000196
25 12 2.1878414501770096 0.0017585498231866836 1 2.190400000000198
22 15 2.1924961924071997 0.0018038075930064679 1 2.195100000000208
25 16 2.192620581993188 0.0017794180070183074 0 2.195200000000208
18 9 2.1944082008848023 0.0017917991154079438 0 2.197000000000212
22 10 2.2074316306627217 0.001768369337515896 0 2.2100000000002393
17 0 2.208396700924247 0.001803299075992637 0 2.2110000000002414
25 2 2.2113823630050295 0.0018176369952165317 0 2.2140000000002478
26 16 2.213527650705576 0.0017723492946744024 0 2.216100000000252
26 12 2.216254842000351 0.0017451579999052669 1 2.218800000000258
24 11 2.2270881801689497 0.0018118198313294975 1 2.229700000000281
26 2 2.238853083893727 0.0017469161065770678 0 2.2414000000003056
22 8 2.239519275076009 0.001780724924296262 0 2.242100000000307
23 8 2.2451525732492272 0.0017474267510899644 0 2.247700000000319
25 11 2.246008799954673 0.0017912000456461463 1 2.248600000000321
27 16 2.2572093308498866 0.0017906691504561145 0 2.2598000000003444
27 2 2.2614783997833654 0.0018216002169864076 0 2.2641000000003535
19 5 2.2672924651796356 0.0018075348207284847 0 2.2699000000003657
23 15 2.2693167000344294 0.0017832999659388449 1 2.27190000000037
29 3 2.2701024831103322 0.0017975168900377092 0 2.2727000000003716
26 13 2.2705889371616843 0.0018110628386867056 1 2.2732000000003727
30 3 2.2761343619488263 0.001765638051556273 0 2.2787000000003843
31 3 2.2789922772487445 0.001807722751644203 0 2.2816000000003904
28 16 2.280604040429517 0.001795959570875194 0 2.283200000000394
32 3 2.294605748064579 0.0017942519358427056 0 2.2972000000004233
27 12 2.297473766389162 0.0018262336112657707 1 2.3001000000004295
31 14 2.297568806207726 0.0018311937927020239 0 2.3002000000004297
32 14 2.2986888298729253 0.0007111701275026583 0 2.3002000000004297
27 13 2.3082924182745606 0.0018075817258900173 1 2.3109000000004523
17 7 2.3121613729177066 0.0017386270827519645 1 2.3147000000004603
28 13 2.3133944824550494 0.0018055175454119166 1 2.316000000000463
23 10 2.3168893966295996 0.001810603370869135 0 2.3195000000004704
20 5 2.3204838366702027 0.001816163330273568 0 2.323100000000478
21 5 2.320973721939285 0.0013262780611911218 0 2.323100000000478
29 13 2.32700755814909 0.0017924418513999285 1 2.3296000000004917
18 0 2.327290404100628 0.001809595899862515 0 2.3299000000004924
28 12 2.327826300458127 0.0017736995423645041 1 2.3304000000004934
24 15 2.3440766982331307 0.0018233017673954244 1 2.346700000000528
34 1 2.3450758216327885 0.0018241783677397372 1 2.34770000000053
30 13 2.3466658236372884 0.001834176363243234 1 2.3493000000005333
20 4 2.354557245581838 0.0017427544187098576 1 2.3571000000005498
26 11 2.359835971348672 0.001764028651887184 1 2.362400000000561
27 11 2.3603957919615417 0.0012042080390175514 1 2.362400000000561
35 1 2.359913449707394 0.0019865502931657453 1 2.3631000000005624
19 0 2.36651863394887 0.0017813660517034258 0 2.369100000000575
24 10 2.3668182493303416 0.0017817506702324515 0 2.3698000000005766
28 2 2.369854689212165 0.001745310788415555 0 2.372400000000582
29 16 2.372195091589473 0.0018049084111124714 0 2.374800000000587
29 12 2.3796060452621335 0.0017939547384675514 1 2.3822000000006027
30 16 2.3834367751056575 0.0017632248949515095 0 2.3860000000006107
18 7 2.391667738907068 0.001832261093558607 1 2.3943000000006283
19 7 2.3984421141519534 0.0017578858486873017 1 2.4010000000006424
19 9 2.3986581221895684 0.0017418778110727118 0 2.401200000000643
33 14 2.411848124474868 0.0017518755258008056 0 2.4144000000006707
22 5 2.4129199563068857 0.0017800436937855935 0 2.415500000000673
29 2 2.413088065421289 0.00191193457938299 0 2.4162000000006745
20 7 2.416815861555553 0.001784138445126704 1 2.4194000000006812
36 1 2.4199646276868885 0.0017353723137976118 1 2.4225000000006878
25 10 2.4232442880742653 0.001755711926427761 0 2.4258000000006947
30 2 2.4242336413695607 0.0017663586311345014 0 2.426800000000697
22 6 2.42435997110227 0.0019400288984257053 1 2.4271000000006975
20 9 2.4255947490780607 0.0018052509226373914 0 2.4282000000007
21 4 2.4296123174461943 0.0017876825545122266 1 2.4322000000007082
25 15 2.4310135329999905 0.0017864670007190497 1 2.433600000000711
31 16 2.4331518998196726 0.0017481001810413233 0 2.4357000000007156
23 6 2.4416802204866777 0.0018197795140544315 1 2.4443000000007338
32 16 2.4439198849292243 0.0017801150715124336 0 2.4465000000007384
31 2 2.445134307987124 0.0017656920136150944 0 2.447700000000741
24 6 2.4476659226236035 0.0017340773771410412 1 2.4502000000007462
25 6 2.450605329796689 0.0017946702040618767 1 2.4532000000007526
30 12 2.467651552427724 0.0017484475730626947 1 2.4702000000007884
26 10 2.4677924172693273 0.001807582731459867 0 2.470400000000789
20 0 2.4725984821528555 0.0018015178479418026 0 2.475200000000799
34 14 2.488366524483818 0.0017334755170126392 0 2.490900000000832
21 9 2.5021317894682666 0.0017682105325929065 0 2.5047000000008612
28 11 2.504165608221776 0.0017343917790877406 1 2.5067000000008655
24 8 2.511855469766858 0.0017445302340219904 0 2.5144000000008817
35 14 2.5176038176119455 0.0017961823889467432 0 2.520200000000894
22 9 2.52469614092976 0.001803859071147329 0 2.527300000000909
27 10 2.5446587839968036 0.0017412160041456737 0 2.547200000000951
21 7 2.5647281486288187 0.00177185137217295 1 2.5673000000009933
26 6 2.5753310601087946 0.0017689398922193789 1 2.5779000000010157
27 6 2.577488296704248 0.001811703296770606 1 2.5801000000010204
23 5 2.5915649658164392 0.0017350341846089634 0 2.59410000000105
21 0 2.594831774853019 0.0017682251480359845 0 2.597400000001057
23 9 2.597577929645583 0.0018220703554781004 0 2.6002000000010628
28 6 2.598726797044704 0.0017732029563592988 1 2.601300000001065
25 8 2.6117878128247676 0.0018121871763234765 0 2.6144000000010927
31 12 2.6132159094356764 0.0017840905654176176 1 2.6158000000010957
22 4 2.6239781583388138 0.0018218416623030365 1 2.6266000000011185
22 7 2.645558829915895 0.0017411700852671963 1 2.648100000001164
26 8 2.6474864430115272 0.0018135569896391424 0 2.650100000001168
27 8 2.663165627795983 0.001734372205216328 0 2.665700000001201
23 4 2.6752323917840277 0.0017676082171971252 1 2.6778000000012265
26 15 2.681395263916678 0.001804736084559888 1 2.6840000000012396
31 13 2.6819457799032396 0.001754220097999415 1 2.684700000001241
23 7 2.690926509104205 0.0017734908970528096 1 2.6935000000012597
27 15 2.6949244108306347 0.0017755891706316973 1 2.697500000001268
32 2 2.6978543472573002 0.0017456527439723146 0 2.7004000000012742
24 5 2.700046815889804 0.0017531841114730717 0 2.702600000001279
24 4 2.729303628800778 0.0017963712005610866 1 2.7319000000013407
32 13 2.733616899963925 0.00178310003742288 1 2.7362000000013498
33 13 2.738658381402085 0.0017416185992735755 1 2.7412000000013603
33 16 2.761039893774723 0.0017601062266829892 0 2.7636000000014076
33 3 2.7736144955336153 0.0017855044678172227 0 2.776200000001434
28 10 2.797208154746701 0.0017918452547811548 0 2.799800000001484
33 2 2.8050564074062327 0.0017435925952660192 0 2.8076000000015005
28 15 2.813406625215867 0.0017933747856493376 1 2.816000000001518
25 4 2.8155295551356616 0.0017704448658593108 1 2.8181000000015226
29 10 2.8172045197679143 0.0017954802336102027 0 2.819800000001526
22 0 2.818689667637507 0.001910332364020828 0 2.8214000000015296
24 9 2.8246633084281276 0.0017366915734124966 0 2.827200000001542
34 2 2.830488553678429 0.0018114463231233557 0 2.8331000000015543
25 9 2.8309738366084267 0.0018261633931269117 0 2.8338000000015557
24 7 2.853880942707905 0.001819057293697135 1 2.8565000000016036
25 5 2.854469473480043 0.0018305265215601274 0 2.857100000001605
34 13 2.855902064872818 0.0017979351287880085 1 2.858500000001608
30 10 2.8640587629589622 0.001741237042661048 0 2.866600000001625
35 13 2.8731437582608743 0.0017562417407681608 1 2.875700000001644
36 14 2.884056114936318 0.0017438850653475058 0 2.886600000001667
26 4 2.887483765722128 0.001816234279544915 1 2.8901000000016746
25 7 2.8882603255865997 0.0017396744150746102 1 2.890800000001676
35 2 2.8988980560669475 0.001801943934749417 0 2.9015000000016986
34 3 2.9002829286920964 0.001817071309603513 0 2.9029000000017016
35 3 2.900885050282615 0.001214949719084757 0 2.9029000000017016
29 15 2.904491665740126 0.001808334261582889 1 2.9071000000017104
34 16 2.910208534052509 0.0017914659492119789 0 2.9128000000017225
29 11 2.9111589220181906 0.0017410779835320689 1 2.9137000000017244
28 8 2.914611614444129 0.0017883855576008578 0 2.9172000000017317
26 9 2.9180087921980955 0.0017912078036417256 0 2.920600000001739
32 12 2.91858911455155 0.001810885450188593 1 2.92120000000174
23 0 2.9212717483657586 0.001828251635985545 0 2.923900000001746
36 13 2.925625546388612 0.0017744536131414357 1 2.928200000001755
36 2 2.9283943468686764 0.0018056531330827852 0 2.931000000001761
27 9 2.93242716045798 0.0017728395437877076 0 2.9350000000017693
36 3 2.9385709218920115 0.0018290781097691777 0 2.9412000000017824
27 4 2.942194454697732 0.0018055453040561886 1 2.94480000000179
30 11 2.953338411888925 0.001761588112886514 1 2.9559000000018134
37 1 2.9571385271182424 0.0017614728835773086 1 2.9597000000018214
33 12 2.9620393782016587 0.0017606218001713358 1 2.9646000000018318
26 7 2.9675081567569013 0.0017918432449404165 1 2.9701000000018434
31 11 2.9726401432790146 0.0017598567228378492 1 2.975200000001854
29 6 2.9782928355590155 0.0018071644428490075 1 2.980900000001866
29 8 2.9976382485105293 0.001761751491375918 0 3.000200000001907
30 6 3.002649477102292 0.001750522899623963 1 3.0052000000019174
37 3 3.005637854488239 0.0017621455136831443 0 3.008200000001924
27 7 3.0089921682865075 0.0018078317154217594 1 3.011600000001931
38 3 3.00898792932831 0.001912070673619315 0 3.011700000001931
39 3 3.009072566200609 0.001827433801320666 0 3.011700000001931
28 4 3.010131695140014 0.0017683048619177022 1 3.0127000000019333
37 14 3.011416481283267 0.0017835187186672208 0 3.014000000001936
35 16 3.0134813283384108 0.0018186716635280042 0 3.0161000000019405
24 0 3.016405885058594 0.0017941149433506887 0 3.0190000000019466
37 13 3.026560869460782 0.0017391305411842417 1 3.029100000001968
40 3 3.0264987698726458 0.0019012301293206413 0 3.029200000001968
37 2 3.0323058540053998 0.0017941459965786777 0 3.03490000000198
30 15 3.034578974880132 0.0018210251218513385 1 3.037200000001985
25 0 3.041622784732099 0.0017772152698989352 0 3.0442000000019998
28 9 3.053398338866257 0.001801661135766075 0 3.0560000000020247
31 6 3.0578729453340774 0.0018270546679550748 1 3.060500000002034
41 3 3.0640574333579536 0.0017425666440917809 0 3.066600000002047
31 15 3.0681803235461422 0.0018196764559119671 1 3.070800000002056
38 2 3.083768555374989 0.0018314446270979445 0 3.086400000002089
38 14 3.084087474397007 0.001812525605080939 0 3.0871000000020903
32 6 3.085223994297208 0.0017760057048819 1 3.0878000000020918
38 1 3.0879991218959066 0.0018008781061893409 1 3.0906000000020977
29 9 3.0934037029726387 0.0017962970294687075 0 3.096000000002109
30 9 3.0991278297333267 0.0017721702687927277 0 3.101700000002121
32 15 3.100187355966987 0.0018126440351347028 1 3.1028000000021234
39 1 3.111529611868877 0.0017703881332686855 1 3.1141000000021473
40 1 3.1412647148310135 0.0017352851711947004 1 3.14380000000221
33 6 3.144714381796946 0.001785618205269568 1 3.1473000000022173
34 6 3.156132542130156 0.0017674578720838774 1 3.1587000000022414
34 12 3.157115401552083 0.0017845984501589918 1 3.1597000000022435
35 12 3.1665908428941405 0.0018091571081213509 1 3.1692000000022635
35 6 3.1728946211845988 0.0018053788176763952 1 3.175500000002277
36 16 3.1829196042459666 0.0017803957563296002 0 3.185500000002298
32 11 3.1945429266159318 0.0017570733863889743 1 3.1971000000023224
39 2 3.200834352752959 0.001765647249375224 0 3.2034000000023357
33 11 3.213405081593222 0.0017949184091388126 1 3.2160000000023623
29 4 3.2261321908892846 0.001767809113102814 1 3.228700000002389
36 6 3.2380663835008536 0.001733616501558899 1 3.240600000002414
33 15 3.241760932871943 0.0017390671304773342 1 3.244300000002422
37 16 3.246362492107477 0.0017375078949530831 0 3.2489000000024317
26 0 3.2556994386014457 0.0018005614010041526 0 3.2583000000024516
37 6 3.256403306488866 0.0017966935135853568 1 3.259000000002453
40 2 3.2704137867460523 0.0017862132564285815 0 3.2730000000024826
34 11 3.272403770600808 0.0017962294016773406 1 3.275000000002487
26 5 3.273353837919155 0.0017461620833318925 0 3.2759000000024887
31 10 3.277651339469472 0.0017486605330239158 0 3.280200000002498
41 1 3.2806529306180705 0.0017470693844319207 1 3.283200000002504
31 9 3.293890996495971 0.0018090035065596588 0 3.296500000002532
39 14 3.2955287311210584 0.0017712688814754962 0 3.2981000000025356
38 16 3.304759887982655 0.001740112019898099 0 3.307300000002555
28 7 3.3088185759914066 0.0017814240111553303 1 3.3114000000025636
27 0 3.313182364123524 0.0018176358790471525 0 3.315800000002573
38 6 3.31567002073336 0.001829979269216686 1 3.318300000002578
30 4 3.324723687888046 0.0017763121145493166 1 3.327300000002597
41 2 3.3249009017503943 0.001799098252201592 0 3.3275000000025976
27 5 3.3249338273220808 0.0020661726805157876 0 3.328200000002599
42 3 3.3253221959447092 0.002077804057888155 0 3.3290000000026008
31 4 3.3372141218483216 0.0017858781543003133 1 3.3398000000026236
39 6 3.3430304457362285 0.0017695542664055708 1 3.345600000002636
42 2 3.3474952801702726 0.0018047198323709601 0 3.3501000000026453
35 11 3.348726423127626 0.0017735768750202219 1 3.351300000002648
43 2 3.3534491350688294 0.0017508649338267013 0 3.3560000000026577
32 9 3.355093667325826 0.0018063326768338328 0 3.3577000000026613
28 0 3.3692620862702825 0.0017379137324069482 0 3.371800000002691
29 7 3.3729632823753186 0.0017367176273785923 1 3.375500000002699
43 3 3.3752987645293295 0.001801235473372742 0 3.377900000002704
36 11 3.377955520446781 0.0017444795559269366 1 3.3805000000027094
36 12 3.3780468661759038 0.0019531338268046206 1 3.381200000002711
38 13 3.3834511574658888 0.0017488425368306082 1 3.386000000002721
44 2 3.3842315539880072 0.0017684460147138203 0 3.3868000000027227
37 11 3.3859420769467903 0.0017579230559343628 1 3.3885000000027263
45 2 3.386682949545646 0.0018170504570802493 0 3.389300000002728
30 8 3.392354745509894 0.0017452544928442393 0 3.39490000000274
32 4 3.3930670597326227 0.001832940270117156 1 3.3957000000027415
32 10 3.3959240049900616 0.0017759950126841062 0 3.3985000000027474
44 3 3.397094838431335 0.0018051615714131941 0 3.39970000000275
37 12 3.4052073003069507 0.0017926996958146368 1 3.407800000002767
30 7 3.4086158198994627 0.0017841801033098292 1 3.4112000000027742
33 4 3.41719214147008 0.0018078585327105934 1 3.4198000000027924
34 15 3.4238893899508462 0.0018106100519585944 1 3.4265000000028065
39 13 3.4262723673113284 0.0018276326914814511 1 3.4289000000028116
45 3 3.4511624582085236 0.001737541794338604 0 3.453700000002864
34 4 3.45673548820661 0.0017645117962641343 1 3.4593000000028757
33 10 3.457909195534772 0.0017908044681047564 0 3.4605000000028783
31 7 3.4690514306211724 0.001748569381727627 1 3.4716000000029017
34 10 3.473720236167784 0.0017797638351257916 0 3.4763000000029116
29 0 3.4836371535575537 0.0017628464453771642 0 3.4862000000029325
38 12 3.484277930281815 0.0018220697211170922 1 3.486900000002934
32 7 3.4920069237291766 0.0017930762737718986 1 3.4946000000029502
40 13 3.492876901963846 0.0018230980391042984 1 3.495500000002952
46 3 3.504400839239151 0.0017991607638236928 0 3.5070000000029764
33 9 3.5077690416361182 0.0018309583668636442 0 3.5104000000029836
47 3 3.5082397788825763 0.0017602211204064133 0 3.511100000002985
39 16 3.5168959963548847 0.0018040036481163924 0 3.519500000003003
48 3 3.5169918799403552 0.0020081200626465012 0 3.5202000000030043
40 6 3.5196053202995246 0.0017946797034822382 1 3.5222000000030085
35 15 3.527223426046314 0.0017765739567088268 1 3.5298000000030245
40 14 3.532785773539002 0.001814226464032842 0 3.5354000000030363
40 16 3.5415040066313503 0.0017959933717026644 0 3.5441000000030547
42 1 3.5420281177175794 0.0017718822854746463 1 3.5446000000030558
28 5 3.542371500510521 0.0018284994925337195 0 3.5450000000030566
46 2 3.5476320157663106 0.0017679842367552823 0 3.5502000000030676
49 3 3.5486371279729663 0.0017628720301017253 0 3.5512000000030697
30 0 3.549709338272054 0.0017906617310163853 0 3.552300000003072
41 16 3.552769574758196 0.0018304252448806402 0 3.5554000000030785
41 14 3.5543239761475136 0.001876023855566622 0 3.557000000003082
41 13 3.5545546922173714 0.0019453077857094492 1 3.5573000000030826
35 4 3.559308092783456 0.0017919072196344032 1 3.5619000000030923
43 1 3.5596649179848106 0.0017350820182806537 1 3.5626000000030937
36 4 3.57456353365932 0.0017364663438028671 1 3.5771000000031243
34 9 3.585513306247296 0.001786693755849722 0 3.5881000000031475
37 4 3.587076266763999 0.0018237332391501937 1 3.589700000003151
31 8 3.5873149956277746 0.0017850043753750988 0 3.5899000000031513
38 4 3.588695050332 0.0018049496711527446 1 3.5913000000031543
42 14 3.5951679095190174 0.001832090484148896 0 3.597800000003168
35 10 3.611440993302777 0.0017590067004236154 0 3.614000000003202
32 8 3.621664467057832 0.0017355329453900836 0 3.6242000000032237
42 13 3.6249049165922127 0.0017950834110163072 1 3.6275000000032307
43 13 3.6266110631438795 0.0017889368593531074 1 3.6292000000032343
36 15 3.628573218160003 0.0018267818432335936 1 3.6312000000032385
42 16 3.644189053016968 0.001810946986301687 0 3.6468000000032714
29 5 3.647292038011718 0.0018079619915583045 0 3.649900000003278
31 0 3.6536447807803505 0.0017552192229390862 0 3.6562000000032913
43 14 3.6567537195478854 0.001746280455410698 0 3.659300000003298
38 11 3.663064471646024 0.0017355283572855207 1 3.665600000003311
50 3 3.6649342572333135 0.0017657427699999673 0 3.667500000003315
36 10 3.667270429992684 0.0018295700106345514 0 3.66990000000332
39 12 3.669859015549903 0.0017409844534208574 1 3.6724000000033254
44 14 3.6717784106030646 0.0018215894002633348 0 3.6744000000033297
51 3 3.6719017165144154 0.0019982834889131773 0 3.675100000003331
43 16 3.6734280768962746 0.001771923107056761 0 3.676000000003333
32 0 3.688104891109757 0.001795108893605235 0 3.690700000003364
33 8 3.690455795395866 0.001744204607501132 0 3.693000000003369
40 12 3.6942965016819067 0.001803498321468755 1 3.696900000003377
52 3 3.6961721071744496 0.0018278928289299223 0 3.698800000003381
45 14 3.7008428531748843 0.0017571468285049185 0 3.703400000003391
39 11 3.7011020653908524 0.0017979346125374107 1 3.7037000000033915
40 11 3.702301558534706 0.0005984414686839301 1 3.7037000000033915
44 1 3.7060706469503346 0.001829353053065752 1 3.708700000003402
33 7 3.709293979573869 0.0018060204295382576 1 3.711900000003409
37 10 3.7154569736191587 0.0017430263842612703 0 3.7180000000034217
45 1 3.7162548684994188 0.0017451315040029058 1 3.7188000000034234
38 10 3.7276190430363316 0.0017809569671141112 0 3.7302000000034474
39 10 3.7278182750530315 0.0015817249504141984 0 3.7302000000034474
39 4 3.7312527152342523 0.0017472847692010518 1 3.733800000003455
44 13 3.7354657120748103 0.0017342879286519342 1 3.738000000003464
47 2 3.7363703891735818 0.001829610829882533 0 3.739000000003466
46 1 3.7375088234115768 0.0017911765918898759 1 3.7401000000034683
30 5 3.743789611864168 0.0018103881393121135 0 3.7464000000034816
40 10 3.7445168827281785 0.0017831172753028923 0 3.747100000003483
37 15 3.7475781515088404 0.0018218484946475044 1 3.7502000000034896
41 11 3.748880955823722 0.0018190441797685253 1 3.7515000000034924
42 11 3.7673703836604413 0.001829616343088425 1 3.7700000000035314
41 10 3.7697594669712977 0.0017405330322368684 0 3.7723000000035363
48 2 3.791698458193379 0.0018015418102019787 0 3.7943000000035827
33 0 3.797828641862524 0.0017713581410698787 0 3.8004000000035956
46 14 3.803167942432183 0.0018320575714221299 0 3.805800000003607
41 12 3.8057264859756974 0.0017735140279131478 1 3.8083000000036122
31 5 3.822464408457734 0.001735591545911852 0 3.8250000000036475
45 13 3.829300411662853 0.00179958834080729 1 3.831900000003662
34 7 3.831280275844598 0.0018197241590667268 1 3.8339000000036663
47 1 3.8408514747305604 0.0017485252731241907 1 3.8434000000036863
34 8 3.8441203281651832 0.0017796718385083565 0 3.8467000000036933
41 6 3.8523091007964263 0.0017908992072825924 1 3.8549000000037106
42 10 3.858613336417138 0.0017866635865839697 0 3.861200000003724
32 5 3.861920314861176 0.0017796851425533333 0 3.864500000003731
34 0 3.866183223656891 0.001816776346847071 0 3.86880000000374
35 7 3.867876052393553 0.0018239476101888918 1 3.8705000000037435
46 13 3.869879529765355 0.0018204702383908256 1 3.8725000000037477
49 2 3.8705521664032285 0.0017478336005187778 0 3.873100000003749
43 11 3.8928765090874564 0.0018234909163381552 1 3.8955000000037963
40 4 3.9077287225632396 0.0017712774405862497 1 3.9103000000038275
48 1 3.9082299124604587 0.0017700875433681595 1 3.911000000003829
43 10 3.908739237770932 0.001760762232895896 0 3.9113000000038296
44 11 3.911591256044356 0.0018087439594780541 1 3.9142000000038357
36 7 3.926753933348979 0.0017460666548867465 1 3.9293000000038676
35 0 3.9358278190881815 0.0017721809157036361 0 3.938400000003887
44 10 3.946610816849946 0.0017891831539618153 0 3.9492000000039096
42 12 3.94777156835897 0.0018284316449403981 1 3.950400000003912
47 14 3.952656092857153 0.0017439071467677536 0 3.9552000000039222
53 3 3.957673466476402 0.0018265335275291505 0 3.960300000003933
50 2 3.9617298917253128 0.0017701082786270028 0 3.9643000000039414
33 5 3.9705648502183455 0.001735149785612844 0 3.97310000000396
45 10 3.9716386671494592 0.0017613328545014184 0 3.9742000000039623
49 1 3.9749825913153662 0.001817408688601585 1 3.9776000000039695
34 5 3.9810008301307698 0.0017991698732107153 0 3.983600000003982
41 4 3.983585559943083 0.001814440060902811 1 3.9862000000039877
44 16 3.99507162184772 0.0018283781562904444 0 3.997700000004012
48 14 4.0025745154253975 0.0018254845786085383 0 4.005200000004004
42 6 4.027835892680392 0.0017641073235550309 1 4.0304000000039455
37 7 4.032736130536175 0.0017638694677613032 1 4.035300000003934
45 16 4.039404217584257 0.0017957824196637162 0 4.0420000000039185
54 3 4.049540747570501 0.0017592524333958082 0 4.052100000003895
42 4 4.058510881182071 0.0017891188218044363 1 4.061100000003874
51 2 4.069460287107256 0.0017397128965948028 0 4.0720000000038485
35 8 4.0829193620189965 0.0017806379848224196 0 4.085500000003817
36 8 4.083305240783566 0.0013947592202532277 0 4.085500000003817
38 15 4.086879645453347 0.0018203545504622554 1 4.089500000003808
37 8 4.091329993350594 0.0017700066532055914 0 4.0939000000037975
49 14 4.102270318498955 0.0018296815048186588 0 4.104900000003772
43 4 4.118076626988252 0.0018233730154850747 1 4.120700000003735
43 6 4.123393866072342 0.0018061339313826252 1 4.126000000003723
46 16 4.130370484927268 0.0018295150764400248 0 4.133000000003706
50 1 4.131932631062644 0.0018673689410606542 1 4.134600000003703
51 1 4.136779635867021 0.0018203641366723033 1 4.1394000000036915
38 7 4.142857076667567 0.0017429233361125895 1 4.1454000000036775
36 0 4.150714482017998 0.0017855179856631764 0 4.153300000003659
55 3 4.152509414339131 0.0017905856645255014 0 4.155100000003655
52 1 4.154293690220457 0.0018063097831957364 1 4.156900000003651
52 2 4.156617694033795 0.0017823059698525157 0 4.159200000003645
46 10 4.163774695720787 0.001825304282843554 0 4.1664000000036285
53 1 4.172032106385727 0.0017678936178846527 1 4.174600000003609
35 5 4.175084157869224 0.001815842134379686 0 4.177700000003602
47 10 4.175864181624885 0.001735818378717724 0 4.1785000000036
35 9 4.177518264483507 0.0017817355200913099 0 4.180100000003597
39 15 4.183470935022616 0.0018290649809689086 1 4.186100000003583
36 5 4.202030028201024 0.0017699718025170341 0 4.2046000000035395
44 4 4.217738505426847 0.0017614945766579737 1 4.220300000003503
43 12 4.218718920872483 0.0017810791310193252 1 4.221300000003501
38 8 4.219404608545418 0.0017953914580823849 0 4.222000000003499
45 4 4.220921674188242 0.0018783258152552662 1 4.223600000003495
37 5 4.234722917686795 0.0017770823166705085 0 4.237300000003463
47 16 4.242757040560574 0.0017429594428728379 0 4.245300000003445
44 12 4.24856493629344 0.001735063709992879 1 4.251100000003431
48 16 4.248597885277487 0.0018021147259457138 0 4.251200000003431
45 12 4.252429576393632 0.0017704236097921822 1 4.255000000003422
36 9 4.256413071206391 0.0017869287970233572 0 4.259000000003413
38 5 4.2601593362722046 0.0017406637312014084 0 4.262700000003404
37 0 4.270021778057714 0.0017782219456687898 0 4.272600000003381
44 6 4.270431169401285 0.0017688306020966493 1 4.27300000000338
50 14 4.27296052499587 0.0017394750075059306 0 4.275500000003374
39 8 4.276283670895928 0.0018163291074397847 0 4.278900000003366
47 13 4.280776631869774 0.001823368133583969 1 4.283400000003356
51 14 4.281447813362505 0.0017521866408509723 0 4.2840000000033545
52 14 4.289684472922194 0.0018155270811428537 0 4.292300000003335
40 8 4.2936260059777265 0.0017739940256014108 0 4.296200000003326
45 6 4.298082523622288 0.0018174763810296923 1 4.3007000000033155
46 4 4.304059964861336 0.001740035141967411 1 4.306600000003302
38 0 4.308003711565354 0.0017962884379398858 0 4.3106000000032925
45 11 4.311336340973538 0.00176365902974851 1 4.313900000003285
48 10 4.31385332600058 0.0017466740027005656 0 4.316400000003279
46 12 4.3146170731929505 0.0017829268103284335 1 4.317200000003277
39 0 4.315955520476577 0.0017444795266987612 0 4.318500000003274
39 7 4.323953189319461 0.0017468106837963404 1 4.326500000003255
40 7 4.325058004200189 0.0006419958030683404 1 4.326500000003255
49 16 4.335543775024001 0.0017562249792293372 0 4.338100000003228
39 5 4.337399409110755 0.0018005908924711989 0 4.340000000003224
40 0 4.342973211713349 0.0018267882898639343 0 4.345600000003211
49 10 4.3454004916657265 0.0017995083374806597 0 4.348000000003205
41 7 4.35104012564256 0.0017598743606344058 1 4.353600000003192
41 0 4.356565553715803 0.0017344462873785105 0 4.359100000003179
42 0 4.363128732092355 0.0017712679108106144 0 4.365700000003164
46 11 4.384068337611683 0.0018316623914342856 1 4.386700000003115
47 4 4.387901044531067 0.0017989554720410084 1 4.390500000003106
53 2 4.388447401687599 0.0017525983155080027 0 4.391000000003105
41 8 4.40015139216678 0.0017486078362995983 0 4.402700000003078
40 15 4.412598295570443 0.0018017044326077425 1 4.415200000003049
41 15 4.429802730508587 0.0017972694944230483 1 4.432400000003009
48 4 4.444059250041868 0.001740749961109067 1 4.4466000000029755
42 7 4.444928314179197 0.0017716858237779576 1 4.447500000002973
43 7 4.448708911501299 0.001791088501667204 1 4.4513000000029646
53 14 4.480227407766709 0.0017725922361844226 0 4.482800000002891
44 7 4.482907591884884 0.0017924081180025198 1 4.485500000002885
42 15 4.486982741735717 0.0018172582671605042 1 4.489600000002875
37 9 4.490139546556054 0.0017604534468160793 0 4.492700000002868
50 16 4.491716544126901 0.0017834558759650676 0 4.494300000002864
38 9 4.507128026534849 0.0017719734679815247 0 4.5097000000028284
49 4 4.5157942604953885 0.0018057395074215776 1 4.518400000002808
50 4 4.519300014972828 0.0017999850299741382 1 4.5219000000028
45 7 4.524057696961017 0.0017423030417740293 1 4.526600000002789
51 4 4.529533506635476 0.0017664933673025018 1 4.532100000002776
54 14 4.535607786884907 0.0017922131178567113 0 4.538200000002762
47 11 4.542489126708662 0.0018108732940858019 1 4.545100000002746
51 16 4.544016566730182 0.0018834332725621294 0 4.546700000002742
48 13 4.552563669941258 0.0017363300614663402 1 4.555100000002723
49 13 4.57595687552493 0.0017431244777403876 1 4.578500000002668
52 4 4.578385931691719 0.001814068310944883 1 4.581000000002662
53 4 4.587187084411959 0.0018129155906843053 1 4.589800000002642
54 4 4.589739010174889 0.001760989827748638 1 4.592300000002636
47 12 4.593813335386891 0.001786664615737621 1 4.596400000002626
39 9 4.598767058166363 0.0018329418362537098 0 4.601400000002615
50 13 4.599978761423412 0.0018212385792013563 1 4.602600000002612
46 6 4.603348315292084 0.0017516847105216726 1 4.605900000002604
54 1 4.608107683791567 0.0017923162110280444 1 4.610700000002593
54 2 4.6120924892546995 0.0018075107478860986 0 4.614700000002584
42 8 4.612872978136498 0.0018270218660854098 0 4.615500000002582
40 9 4.638629952373633 0.0017700476288906586 0 4.641200000002522
55 1 4.638974820203624 0.001825179798898624 1 4.641600000002521
50 10 4.649564513563974 0.0017354864385241697 0 4.652100000002497
55 14 4.655747908269479 0.0017520917330049457 0 4.658300000002482
43 15 4.657439328873363 0.0017606711291167088 1 4.660000000002478
56 1 4.669957560073746 0.0017424399287051529 1 4.672500000002449
56 3 4.683697925680948 0.0018020743214703927 0 4.686300000002417
55 2 4.685277603186662 0.0018223968157533577 0 4.687900000002413
40 5 4.700040908037912 0.001759091964468773 0 4.702600000002379
51 10 4.743669041224753 0.0018309587775258152 0 4.746300000002277
51 13 4.744455669040641 0.0017443309616362868 1 4.747000000002275
41 5 4.745083980239502 0.0018160197627734576 0 4.747700000002274
43 0 4.747423801917903 0.001776198084367131 0 4.750000000002268
46 7 4.752877664915472 0.0018223350867856425 1 4.755500000002256
43 8 4.755555233505303 0.0017447664969481025 0 4.7581000000022495
42 5 4.771317496010663 0.001782503991551998 0 4.773900000002213
52 16 4.787091295149371 0.0018087048528068195 0 4.789700000002176
43 5 4.791049154987931 0.001750845014237612 0 4.793600000002167
57 1 4.798001467232633 0.0017985327695191344 1 4.8006000000021505
52 10 4.807034425657161 0.0017655743449704886 0 4.8096000000021295
44 8 4.818230443328295 0.0017695566738105128 0 4.820800000002103
45 8 4.820013320831963 0.0017866791701379725 0 4.822600000002099
47 7 4.829481821434027 0.001818178568051998 1 4.832100000002077
44 0 4.837394249522504 0.001805750479556778 0 4.840000000002059
57 3 4.842894162350729 0.001805837651319031 0 4.845500000002046
45 0 4.8491439312947024 0.0017560687073308046 0 4.851700000002031
47 6 4.857291418080147 0.0018085819218667254 1 4.859900000002012
48 6 4.857599782262725 0.0015002177392888782 1 4.859900000002012
52 13 4.859883155412236 0.0018168445897721597 1 4.862500000002006
48 11 4.8614383095746545 0.0018616904273498491 1 4.8641000000020025
49 11 4.871014372223638 0.0017856277783439012 1 4.87360000000198
53 10 4.878574114681594 0.0018258853203700909 0 4.881200000001963
55 4 4.879572259149286 0.0018277408526765626 1 4.88220000000196
49 6 4.890538442476569 0.00176155752536733 1 4.893100000001935
46 8 4.895534864076427 0.0017651359254982069 0 4.898100000001923
50 6 4.89707298754831 0.0018270124536110544 1 4.8997000000019195
48 7 4.902574809396259 0.0018251906056496736 1 4.905200000001907
47 8 4.909474468998276 0.0018255310036163763 0 4.912100000001891
48 12 4.910046883685511 0.0017531163163804209 1 4.9126000000018895
56 2 4.9192290736514925 0.0017709263503773442 0 4.921800000001868
58 3 4.9221532565255535 0.0017467434763096534 0 4.924700000001861
59 3 4.9235577169422395 0.00034228305962358263 0 4.924700000001861
57 2 4.924558702236233 0.0017412977656245943 0 4.927100000001856
41 9 4.931612875793628 0.0017871242082128092 0 4.934200000001839
56 14 4.937077781695734 0.001822218306093859 0 4.939700000001826
46 0 4.937338966855436 0.001961033146391067 0 4.940500000001824
44 15 4.941521975758453 0.0017780242433644844 1 4.944100000001816
60 3 4.946455372680273 0.0017446273215337982 0 4.949000000001805
50 11 4.9465746442935385 0.002025355708267007 1 4.949300000001804
61 3 4.949407692286118 0.001792307715681396 0 4.952000000001798
56 4 4.9523546170053585 0.0017453829964342304 1 4.954900000001791
58 1 4.963844664618277 0.0017553353834891539 1 4.966400000001764
62 3 4.96505066416994 0.0017493358318230179 0 4.967600000001761
45 15 4.968496134747106 0.0018038652546490397 1 4.971100000001753
44 5 4.985242041953559 0.0017579580481568158 0 4.987800000001714
59 1 4.985765172888637 0.0017348271130774862 1 4.988300000001713
45 5 4.990338429332905 0.0017615706687994503 0 4.992900000001702
51 6 4.993724340881749 0.0017756591199473704 1 4.996300000001694
