#18 ONUs
# id src init_time waited_time freq processed_time
0 14 0.004151804493154685 0.0017481955068453176 0 0.0067000000000000046
0 9 0.00978384059858697 0.0018161594014130152 0 0.01239999999999998
0 8 0.017474585902695575 0.0018254140973043634 0 0.020099999999999934
0 2 0.01888028931753217 0.0018197106824677615 0 0.021499999999999925
1 8 0.02729899977532707 0.0018010002246728087 0 0.029899999999999875
1 9 0.03895203998200736 0.0017479600179927807 0 0.04150000000000016
2 8 0.039057146715004536 0.0019428532849956118 0 0.04220000000000018
0 15 0.03978673359160177 0.0018132664083983924 0 0.043000000000000205
1 2 0.05180797211054221 0.0017920278894583003 0 0.05440000000000053
0 10 0.05202907512385935 0.0018709248761411695 0 0.05510000000000055
3 8 0.05569285370532995 0.0018071462946706723 0 0.05830000000000064
0 6 0.060280047779704374 0.001819952220296378 0 0.06290000000000077
0 17 0.06072956201843629 0.0017704379815644752 0 0.0636000000000008
0 4 0.06541724795024659 0.0017827520497543103 0 0.06800000000000092
0 13 0.06613488853635649 0.0017651114636444282 1 0.06870000000000094
1 15 0.06752099084031293 0.0017790091596880248 0 0.07010000000000098
2 2 0.08381864475306627 0.0017813552469351512 0 0.08640000000000145
0 7 0.08733112280011174 0.0017688771998897873 1 0.08990000000000155
1 4 0.0901569468503888 0.0017430531496128027 0 0.09270000000000163
1 10 0.09232071619361511 0.0017792838063865613 0 0.09490000000000169
0 5 0.09622762015217415 0.001772379847827632 1 0.0988000000000018
4 8 0.09997983966878107 0.0018201603312208159 0 0.10260000000000191
0 16 0.10991742499270281 0.001782575007299364 1 0.1125000000000022
1 7 0.11207716150839755 0.0018228384916046808 1 0.11470000000000226
1 16 0.12208115362909082 0.001818846370911703 1 0.12470000000000254
2 9 0.12331680319270803 0.0017831968072945098 0 0.12590000000000245
2 15 0.13397405312627414 0.0018259468737272244 0 0.13660000000000128
1 17 0.13638259741790748 0.001817402582093619 0 0.139000000000001
0 3 0.144585012050418 0.0018149879495822085 1 0.1472000000000001
5 8 0.14697096748895977 0.0018290325110401628 0 0.14959999999999984
1 14 0.15069653284256032 0.0018034671574392036 0 0.15329999999999944
2 7 0.15385061687772214 0.0017493831222770428 1 0.1563999999999991
1 5 0.15408052551936657 0.0019194744806325659 1 0.157199999999999
3 2 0.1571838717934605 0.0018161282065383144 0 0.15979999999999872
4 2 0.16519829285063325 0.001801707149364673 0 0.16779999999999784
0 12 0.16713571582513492 0.0017642841748627958 1 0.16969999999999763
6 8 0.16736332225644787 0.0017366777435498248 0 0.1698999999999976
3 7 0.17863491342254278 0.0017650865774536673 1 0.18119999999999636
2 17 0.18295687440468295 0.0017431255953130331 0 0.1854999999999959
2 5 0.2062585480124474 0.0017414519875460222 1 0.20879999999999332
0 11 0.20862131150082028 0.0017786884991728702 1 0.21119999999999306
1 13 0.21141080317843064 0.0017891968215622 1 0.21399999999999275
0 1 0.2121314709746545 0.0017685290253382502 1 0.21479999999999266
7 8 0.21251059992302118 0.0017894000769715368 0 0.21509999999999263
3 5 0.2169197293573243 0.001780270642667947 1 0.21949999999999215
2 14 0.22055712143269335 0.0017428785672984892 0 0.22309999999999175
1 1 0.22074249005683347 0.0019575099431583254 1 0.22339999999999172
3 9 0.22495769431711177 0.0017423056828795858 0 0.22749999999999126
0 0 0.2323718740063779 0.0018281259936126226 1 0.23499999999999044
4 5 0.2361525000335143 0.0017474999664758295 1 0.23869999999999003
5 2 0.23731677998404319 0.0017832200159468015 0 0.2398999999999899
2 4 0.24692818427957766 0.0017718157204112683 0 0.24949999999998884
2 16 0.24714222998347324 0.0019577700165156475 1 0.2497999999999888
2 1 0.2572734775706617 0.0018265224293260718 1 0.2598999999999877
2 10 0.267755042824069 0.0017449571759176608 0 0.27029999999998655
1 11 0.2744964712354816 0.001803528764504292 1 0.2770999999999858
1 12 0.2759021530434621 0.00179784695652363 1 0.27849999999998565
3 17 0.28548481236407475 0.0018151876359099317 0 0.2880999999999846
2 12 0.28889384891492 0.0018061510850643225 1 0.2914999999999842
3 14 0.2961238876159484 0.0017761123840351334 0 0.2986999999999834
2 11 0.3115445759793607 0.0017554240206211214 1 0.3140999999999817
3 1 0.32068807301954794 0.0018119269804328653 1 0.3232999999999807
3 15 0.3217343857233952 0.0017656142765855032 0 0.3242999999999806
3 4 0.3224976451678324 0.0018023548321481897 0 0.3250999999999805
4 15 0.330629215091591 0.0017707849083887228 0 0.3331999999999796
2 13 0.3324905266817722 0.0018094733182072997 1 0.3350999999999794
6 2 0.3330014442547083 0.0017985557452711576 0 0.33559999999997936
1 3 0.3346797940049714 0.001820205995007873 1 0.33729999999997917
3 12 0.3373540726448387 0.0017459273551402865 1 0.3398999999999789
4 4 0.3415550766951152 0.0017449233048633106 0 0.3440999999999784
3 13 0.35780287002165123 0.0017971299783254846 1 0.36039999999997663
7 2 0.3587500862659965 0.0017499137339800908 0 0.36129999999997653
1 6 0.36348260271522537 0.0018173972847507214 0 0.366099999999976
1 0 0.36666768149904283 0.0018323185009329057 1 0.36929999999997565
3 11 0.3751050076761896 0.0017949923237852161 1 0.3776999999999747
4 13 0.37983126074237983 0.001768739257594465 1 0.3823999999999742
8 8 0.3892685233066955 0.001831476693277767 0 0.39189999999997316
4 12 0.39286987645702587 0.001830123542946982 1 0.39549999999997276
5 13 0.3929207219716958 0.0021792780282769986 1 0.3962999999999727
5 4 0.40755606429145297 0.0017439357085182738 0 0.41009999999997115
4 9 0.41164857007137085 0.0017514299285999457 0 0.4141999999999707
2 3 0.41429592205575555 0.0018040779442149435 1 0.4168999999999704
8 2 0.4197888227470206 0.0018111772529492698 0 0.4223999999999698
3 10 0.43427697013033617 0.00182302986963212 0 0.4368999999999682
9 2 0.4430428328573408 0.0017571671426265256 0 0.44559999999996724
9 8 0.4577844329865528 0.0018155670134128998 0 0.4603999999999656
10 2 0.4604734592103504 0.0018265407896150276 0 0.4630999999999653
4 1 0.46287970310031845 0.0018202968996466895 1 0.46549999999996505
5 15 0.4676420843847774 0.0017579156151872333 0 0.47019999999996454
4 10 0.47207640819594177 0.001823591804022362 0 0.47469999999996404
2 0 0.47485018574366 0.0017498142563038277 1 0.47739999999996374
10 8 0.4761372334901886 0.0017627665097750822 0 0.4786999999999636
6 4 0.4866607515021525 0.001739248497810042 0 0.48919999999996244
4 7 0.4963726362040066 0.0018273637959548283 1 0.49899999999996136
5 10 0.5063529307846161 0.001747069215344288 0 0.5088999999999603
5 7 0.507481487038175 0.001818512961785257 1 0.5100999999999601
5 1 0.5100361431172551 0.0017638568827048617 1 0.5125999999999599
6 10 0.5123955257251173 0.001804474274842427 0 0.5149999999999596
7 10 0.517011756337539 0.0017882436624201414 0 0.5195999999999591
4 11 0.5360376547490378 0.0017623452509193394 1 0.538599999999957
6 1 0.5423620639361757 0.0017379360637806984 1 0.5448999999999563
5 12 0.5458717570182865 0.0018282429816695034 1 0.5484999999999559
3 0 0.5498143185562179 0.0017856814437376967 1 0.5523999999999555
7 4 0.5608345066779719 0.001765493321982503 0 0.5633999999999543
3 3 0.5610175117023188 0.0019824882976354763 1 0.5636999999999542
11 2 0.5921929012699374 0.001807098730013501 0 0.5947999999999508
4 17 0.5992159102856577 0.0017840897142924472 0 0.60179999999995
5 17 0.6070990644652555 0.0018009355346937372 0 0.6096999999999492
5 11 0.6161773145638169 0.0018226854361313993 1 0.6187999999999482
4 3 0.6171254975090701 0.0017745024908780715 1 0.6196999999999481
2 6 0.6237761509347122 0.0018238490652352501 0 0.6263999999999473
6 13 0.6487770082818907 0.0018229917180540012 1 0.6513999999999446
7 1 0.6489820275341475 0.0020179724657971576 1 0.6521999999999445
5 9 0.6622682870682385 0.0018317129317046987 0 0.6648999999999431
6 15 0.6657943360808198 0.0018056639191229573 0 0.6683999999999427
6 12 0.6701244989203663 0.001775501079576025 1 0.6726999999999422
8 10 0.6753504065326309 0.0017495934673108504 0 0.6778999999999417
4 14 0.678720307764737 0.0017796922352043554 0 0.6812999999999413
6 11 0.691870873669672 0.0018291263302678828 1 0.6944999999999398
7 15 0.6923576427562138 0.001742357243726067 0 0.6948999999999398
5 5 0.706988880676559 0.0018111193233792955 1 0.7095999999999382
7 11 0.7076027916471456 0.001797208352792623 1 0.7103999999999381
4 0 0.7098137203762975 0.0017862796236404188 1 0.7123999999999379
6 5 0.7112602475511471 0.0017397524487906546 1 0.7137999999999377
3 6 0.7124442352818963 0.0017557647180413971 0 0.7149999999999376
3 16 0.7189171259011231 0.0017828740988138359 1 0.7214999999999369
6 9 0.719556209267597 0.0017437907323398782 0 0.7220999999999368
8 11 0.7314832466585551 0.0018167533413804282 1 0.7340999999999355
5 14 0.733674941521984 0.0018250584779513357 0 0.7362999999999352
7 12 0.7374203564529035 0.0017796435470314176 1 0.7399999999999348
11 8 0.7659756726991481 0.0018243273007836347 0 0.7685999999999317
8 15 0.7715037581544127 0.0017962418455184093 0 0.7740999999999311
4 16 0.773837594908276 0.0017624050916549283 1 0.7763999999999308
4 6 0.77420165988173 0.001798340118200903 0 0.7767999999999308
12 8 0.7877063999247874 0.0017936000751419545 0 0.7902999999999293
5 3 0.7930069674848663 0.0017930325150624649 1 0.7955999999999287
13 8 0.7962402224771306 0.0017597775227978785 0 0.7987999999999283
6 3 0.8046256557762878 0.0017743442236397566 1 0.8071999999999274
8 4 0.8081311738298539 0.0017688261700732344 0 0.810699999999927
9 11 0.8088238039596858 0.0017761960402412624 1 0.811399999999927
7 13 0.8115699883577181 0.0018300116422086399 1 0.8141999999999266
6 7 0.8160400138470746 0.001759986152851667 1 0.8185999999999262
12 2 0.8324022481208163 0.0017977518791081337 0 0.8349999999999244
9 10 0.8356458919116576 0.0017541080882664817 0 0.838199999999924
13 2 0.8376394777837751 0.0017605222161487522 0 0.8401999999999238
5 6 0.8427328007708211 0.0017671992291021787 0 0.8452999999999232
7 5 0.8489436704449106 0.0017563295550120372 1 0.8514999999999225
6 17 0.8620476570302542 0.0017523429696669757 0 0.8645999999999211
5 16 0.8688945836827973 0.0018054163171231652 1 0.8714999999999203
8 1 0.8889308930218016 0.001769106978116608 1 0.8914999999999181
8 13 0.9150288951986615 0.0017711048012538644 1 0.9175999999999153
10 10 0.9252636308041823 0.001736369195731946 0 0.9277999999999141
14 2 0.9305572774561346 0.0017427225437790517 0 0.9330999999999136
9 4 0.9308045679927587 0.001895432007154918 0 0.9338999999999135
11 10 0.9325743324091862 0.0018256675907272202 0 0.9351999999999133
5 0 0.937506426693906 0.0017935733060068237 1 0.9400999999999128
14 8 0.939674413549062 0.0018255864508506248 0 0.9422999999999125
7 17 0.9485924405005011 0.0018075594994105826 0 0.9511999999999116
6 6 0.9503412377774982 0.0017587622224132238 0 0.9528999999999114
9 1 0.9517858512302644 0.0019141487696469062 1 0.9544999999999112
10 1 0.9616376462471168 0.001762353752793433 1 0.9641999999999101
7 3 0.9662515608094278 0.001748439190481954 1 0.9687999999999096
15 2 0.9724451893419013 0.001754810658007755 0 0.9749999999999089
6 0 0.99284668440347 0.0017533155964367664 1 0.9953999999999067
9 15 0.9931363224534409 0.0017636775464658916 0 0.9956999999999067
7 0 0.9957383544648293 0.0017616455350771831 1 0.9982999999999064
11 1 0.9996582062954212 0.0017417937044849063 1 1.002199999999906
7 7 1.0089657707301483 0.0017342292697568595 1 1.011499999999905
6 14 1.0244089427753234 0.0017910572245800616 0 1.0269999999999033
10 11 1.027870527614455 0.00182947238544795 1 1.030499999999903
7 9 1.0300783562914728 0.0018216437084299653 0 1.0326999999999027
7 6 1.0447270789509033 0.0017729210489978442 0 1.047299999999901
8 7 1.0599400311480842 0.0017599688518152856 1 1.0624999999998994
8 3 1.0748803666731626 0.0018196333267352927 1 1.0774999999998978
15 8 1.0793889269872547 0.0018110730126426056 0 1.0819999999998973
8 6 1.094426529904621 0.0017734700952747318 0 1.0969999999998956
7 14 1.0969273260103947 0.0017726739895007615 0 1.0994999999998953
9 3 1.0994943782379019 0.0018056217619932813 1 1.102099999999895
8 17 1.1122283392165564 0.0017716607833373477 0 1.1147999999998937
12 10 1.1122813632995563 0.0021186367003374063 0 1.1155999999998936
16 2 1.1273886779219908 0.0018113220779012451 0 1.129999999999892
9 7 1.1325143083413822 0.0017856916585092808 1 1.1350999999998914
9 13 1.153109630663507 0.0017903693363823248 1 1.1556999999998891
11 11 1.1576065327438694 0.0017934672560193654 1 1.1601999999998887
12 1 1.1612990375636323 0.0018009624362560483 1 1.1638999999998882
9 17 1.167651674032117 0.0017483259677706364 0 1.1701999999998876
9 6 1.171330392559712 0.0017696074401751805 0 1.1738999999998871
13 1 1.1798020322270155 0.0017979677728707788 1 1.1823999999998862
13 10 1.180583098327141 0.0018169016727451748 0 1.1831999999998861
10 13 1.191384292566811 0.0018157074330740208 1 1.193999999999885
10 7 1.1931873645004836 0.0018126354994012495 1 1.1957999999998847
12 11 1.196540891350162 0.0017591086497223962 1 1.1990999999998844
13 11 1.2073572436955888 0.001742756304294435 1 1.2098999999998832
8 12 1.2077542309049876 0.001745769094895655 1 1.210699999999883
14 1 1.2137517821011876 0.0017482178986949481 1 1.2162999999998825
14 10 1.2185676985226974 0.0018323014771846058 0 1.221199999999882
8 0 1.219268073446368 0.0018319265535140516 1 1.2218999999998819
14 11 1.223130334969052 0.001769665030829426 1 1.2256999999998814
8 14 1.228955676061767 0.0017443239381138564 0 1.2314999999998808
10 3 1.2392314967588138 0.0017685032410659218 1 1.2417999999998797
15 11 1.2404301977530583 0.0017698022468213281 1 1.2429999999998795
16 8 1.241905473748419 0.001894526251460471 0 1.2445999999998794
10 6 1.2424705623084957 0.0018294376913836619 0 1.2453999999998793
15 10 1.2550751030331426 0.0018248969667353787 0 1.257699999999878
17 8 1.2563633248216408 0.001736675178237057 0 1.2588999999998778
10 4 1.2608709563398015 0.0018290436600758575 0 1.2634999999998773
6 16 1.2613068567710832 0.0017931432287940918 1 1.2638999999998772
10 17 1.2646395500893033 0.0017604499105736693 0 1.2671999999998769
8 9 1.2662044372105623 0.0017955627893144754 0 1.2687999999998767
11 7 1.267275088402587 0.0018249115972897023 1 1.2698999999998766
11 4 1.2730145456203426 0.0017854543795334799 0 1.275599999999876
18 8 1.2839499500182923 0.0017500499815825687 0 1.2864999999998747
8 5 1.2849478745957748 0.001752125404099969 1 1.2874999999998746
9 14 1.3056128507169056 0.00178714928296686 0 1.3081999999998724
9 0 1.3121670996566808 0.0018329003431909463 1 1.3147999999998716
10 15 1.3163968714690633 0.0018031285308079958 0 1.3189999999998712
9 12 1.3200679729213578 0.0018320270785130433 1 1.3226999999998708
10 0 1.3220759039786418 0.0018240960212287938 1 1.3246999999998705
9 5 1.3274804019497304 0.001819598050139648 1 1.33009999999987
16 11 1.3306990724733094 0.0018009275265602476 1 1.3332999999998696
15 1 1.3379996827230327 0.0018003172768361608 1 1.3405999999998688
10 14 1.338618505482655 0.0017814945172138774 0 1.3411999999998687
19 8 1.338961840439379 0.001838159560489716 0 1.3419999999998686
11 17 1.342576904988871 0.001823095010997422 0 1.3451999999998683
12 4 1.3453970313895125 0.0018029686103555598 0 1.347999999999868
16 1 1.3489983902797036 0.0018016097201640768 1 1.3515999999998676
16 10 1.3528769388168724 0.0018230611829948007 0 1.3554999999998671
17 11 1.357703490546067 0.0017965094537997217 1 1.3602999999998666
13 4 1.3684103771933944 0.0017896228064711028 0 1.3709999999998654
10 12 1.3708583441951228 0.0017416558047425035 1 1.3733999999998652
11 14 1.3793306182084084 0.0017693817914559151 0 1.3818999999998642
11 15 1.3798713793025048 0.001828620697359451 0 1.3826999999998641
11 3 1.380736468762034 0.0017635312378301293 1 1.383299999999864
12 3 1.3884778784844432 0.0018221215154201609 1 1.3910999999998632
10 5 1.3942142418277323 0.0017857581721303362 1 1.3967999999998626
17 1 1.398384111990047 0.0018158880098151364 1 1.4009999999998621
14 4 1.4036709835899301 0.0018290164099314943 0 1.4062999999998615
7 16 1.4170522693896968 0.0017477306101634227 1 1.41959999999986
11 0 1.4200896069476505 0.0018103930522093137 1 1.4226999999998597
11 12 1.4280461682317278 0.0017538317681311533 1 1.4305999999998589
12 17 1.4345637584024589 0.0017362415973993794 0 1.4370999999998582
20 8 1.4478182099599215 0.0017817900399352826 0 1.4503999999998567
12 7 1.448217052618419 0.001782947381437694 1 1.4507999999998566
11 5 1.4509722745496756 0.0018277254501808393 1 1.4535999999998563
13 3 1.453761420196419 0.001738579803437057 1 1.456299999999856
14 3 1.454365706998823 0.001134293001033182 1 1.456299999999856
11 13 1.458514284412495 0.0017857155873606256 1 1.4610999999998555
21 8 1.4631214509961163 0.0017785490037387497 0 1.465699999999855
18 1 1.4646374543272225 0.001862545672632443 1 1.4672999999998548
18 11 1.4673354763256954 0.0017645236741592463 1 1.4698999999998545
8 16 1.4753654702449923 0.0017345297548614358 1 1.4778999999998537
12 13 1.4756551965113842 0.001844803488469493 1 1.4786999999998536
9 16 1.481568776669024 0.0018312233308290793 1 1.484199999999853
12 5 1.4845850004357592 0.001814999564093478 1 1.4871999999998526
13 5 1.4950281822149514 0.0017718177849002092 1 1.4975999999998515
15 3 1.5028952929773598 0.0018047070224909145 1 1.5054999999998506
12 0 1.5068706389389281 0.00182936106092213 1 1.5094999999998502
19 1 1.514182830026309 0.0018171699735405333 1 1.5167999999998494
13 13 1.5156657030409058 0.0017342969589435597 1 1.5181999999998492
13 17 1.5211439221531133 0.001756077846735371 0 1.5236999999998486
14 17 1.528850389553542 0.0017496104463059492 0 1.5313999999998478
19 11 1.5291137444270873 0.0018862555727605645 1 1.5316999999998477
11 6 1.5335478111351202 0.0017521888647271666 0 1.5360999999998473
12 15 1.537943350807395 0.0017566491924518868 0 1.5404999999998468
20 11 1.5383590323571743 0.0017409676426725085 1 1.5408999999998467
15 4 1.5386935235064054 0.0018064764934413446 0 1.5412999999998467
9 9 1.5466608353525162 0.001739164647329705 0 1.5491999999998458
10 9 1.5502844329264633 0.0018155670733821516 0 1.5528999999998454
13 15 1.5542841534816931 0.00181584651815192 0 1.556899999999845
14 15 1.5553989919039994 0.0007010080958456122 0 1.556899999999845
16 3 1.5547544829107598 0.0017455170890852134 1 1.557299999999845
15 17 1.571924280082985 0.0017757199168582094 0 1.574499999999843
12 6 1.5722633879918235 0.0018366120080195447 0 1.575299999999843
10 16 1.5735788437203906 0.0018211562794523406 1 1.5761999999998428
17 3 1.5771166172989368 0.0017833827009057224 1 1.5796999999998425
17 2 1.5824617245206047 0.0017382754792372168 0 1.5849999999998419
14 13 1.5895643049877652 0.001735695012075933 1 1.592099999999841
17 10 1.5911009566174257 0.0017990433824153218 0 1.593699999999841
13 6 1.5935441505776295 0.0017558494222111865 0 1.5960999999998406
14 5 1.5959641342999027 0.0017358656999377775 1 1.5984999999998404
11 16 1.6091209141116805 0.0017790858881585603 1 1.611699999999839
21 11 1.612597867584144 0.0018021324156947127 1 1.6151999999998385
18 10 1.614134454385968 0.001865545613870534 0 1.6167999999998384
18 2 1.6288553804699946 0.001744619529842284 0 1.6313999999998368
14 6 1.6422307870217003 0.0017692129781350374 0 1.6447999999998353
20 1 1.6451555559689806 0.0017444440308544973 1 1.647699999999835
15 15 1.6504738640794592 0.0018261359203752825 0 1.6530999999998344
13 7 1.6537299134352426 0.0017700865645915442 1 1.656299999999834
16 4 1.654231664490698 0.0017683355091360209 0 1.656799999999834
19 2 1.654290502435398 0.0021094975644360137 0 1.6575999999998339
12 16 1.6630098616748816 0.0017901383249514513 1 1.665599999999833
14 7 1.6683630652585586 0.001736934741273899 1 1.6709999999998324
18 3 1.6697037714148302 0.0017962285850021686 1 1.6722999999998323
15 5 1.669736573427549 0.002163426572283189 1 1.6730999999998322
17 4 1.6718216301791455 0.0017783698206865761 0 1.674399999999832
19 10 1.674846997374341 0.0017530026254908293 0 1.6773999999998317
12 14 1.6808684804283183 0.0018315195715128407 0 1.683499999999831
21 1 1.681021128155563 0.0020788718442681375 1 1.683799999999831
16 15 1.6871754317140721 0.0018245682857582768 0 1.6897999999998303
20 2 1.6898646900366336 0.0017353099631964852 0 1.69239999999983
15 13 1.6901259398664583 0.0018740601333717688 1 1.69269999999983
19 3 1.6936339028891176 0.0017660971107120726 1 1.6961999999998296
20 3 1.695773394073729 0.0018266059261005108 1 1.6983999999998294
21 3 1.7034457641521243 0.0017542358477042885 1 1.7059999999998285
15 6 1.7105345159557588 0.0017654840440690656 0 1.7130999999998278
22 11 1.7178309951953792 0.0017690048044478601 1 1.720399999999827
20 10 1.7187074471125372 0.0017925528872897445 0 1.7212999999998269
15 7 1.736748231448158 0.0017517685516670323 1 1.7392999999998249
13 0 1.7456296367663273 0.0017703632334966635 1 1.748199999999824
13 14 1.7559398607208467 0.0017601392789761139 0 1.7584999999998228
23 11 1.7558900340345014 0.0022099659653214143 1 1.7587999999998227
21 2 1.7592654799172163 0.0017345200826062168 0 1.7617999999998224
18 4 1.762123633944714 0.001776366055108225 0 1.764699999999822
17 15 1.764496446160848 0.0018035538389737926 0 1.7670999999998218
16 6 1.7672682845073497 0.0018317154924718526 0 1.7698999999998215
22 8 1.7722700650815981 0.0018299349182229196 0 1.774899999999821
21 10 1.7727284045908929 0.0017715954089281283 0 1.7756999999998209
18 15 1.7750314016081978 0.0017685983916229109 0 1.7775999999998207
11 9 1.785266891012881 0.0018331089869385586 0 1.7878999999998195
16 13 1.8085920858653106 0.0018079141345064276 1 1.811199999999817
17 6 1.8109949380525039 0.0018050619473128915 0 1.8135999999998167
14 14 1.817313134654267 0.0017868653455490602 0 1.819899999999816
23 8 1.8214735867547924 0.0018264132450231951 0 1.8240999999998155
24 8 1.8226612074685904 0.0006387925312252296 0 1.8240999999998155
22 2 1.8247795565169194 0.0018204434828958949 0 1.8273999999998152
19 4 1.8415933145945047 0.0018066854053087056 0 1.8441999999998133
13 16 1.8486260614013341 0.0017739385984785194 1 1.8511999999998126
17 13 1.8571278503631805 0.0017721496366311928 1 1.8596999999998116
25 8 1.8574930371492318 0.0018069628505799074 0 1.8600999999998116
18 6 1.8593773983928465 0.001822601606964902 0 1.8619999999998114
22 10 1.8630408925814852 0.001759107418325856 0 1.865599999999811
26 8 1.8657537733236078 0.0017462266762029444 0 1.8682999999998107
23 10 1.866429684101761 0.001770315898049768 0 1.8690999999998106
18 13 1.870971921251301 0.0018280787485092098 1 1.87359999999981
19 13 1.8713187182559776 0.001481281743832552 1 1.87359999999981
16 5 1.8742498931171816 0.0017501068826282218 1 1.8767999999998097
24 11 1.875575027781114 0.0018249722186955974 1 1.8781999999998096
14 16 1.876006438664081 0.0017935613357287217 1 1.8789999999998095
22 3 1.8812048966039498 0.0017951033958591989 1 1.883799999999809
23 3 1.8843689278866547 0.0018310721131540308 1 1.8869999999998086
15 14 1.8857870132818861 0.0018129867179224046 0 1.8883999999998085
16 14 1.8859975793396464 0.0016024206601621405 0 1.8883999999998085
23 2 1.8936860425256852 0.0018139574741224962 0 1.8962999999998076
19 15 1.8951566168118306 0.0017433831879769546 0 1.8976999999998074
25 11 1.8958217733894207 0.001778226610386735 1 1.8983999999998074
24 3 1.898035123878162 0.0017648761216451092 1 1.900599999999807
16 17 1.903217204724948 0.001782795274858584 0 1.9057999999998065
20 15 1.9042396177708205 0.0017603822289860016 0 1.9067999999998064
20 13 1.9095063070721532 0.0017936929276527458 1 1.9120999999998058
15 16 1.911758345895553 0.0017416541042527545 1 1.9142999999998056
17 5 1.9176701137276002 0.001829886272204817 1 1.920299999999805
18 5 1.917977209703658 0.001522790296146992 1 1.920299999999805
14 0 1.9250413978401486 0.00175860215965562 1 1.9275999999998041
16 16 1.942899363869881 0.001800636129921207 1 1.9454999999998022
27 8 1.946167374406727 0.0018326255930749547 0 1.9487999999998018
24 2 1.9502640252001622 0.0017359747996392727 0 1.9527999999998014
12 9 1.9519380647231068 0.0017619352766944374 0 1.9544999999998012
12 12 1.971308527769659 0.0017914722301402008 1 1.973899999999799
26 11 1.9832782852991828 0.0018217147006149847 1 1.9858999999997977
21 13 1.9956215164060946 0.0017784835937018073 1 1.9981999999997964
22 1 1.9973733438472254 0.001826656152570827 1 1.9999999999997962
25 2 1.9988747092451988 0.0019252907545990183 0 2.0015999999997995
15 0 2.00035188941047 0.0017481105893306648 1 2.0028999999998023
25 3 2.006843994778293 0.0017560052215213062 1 2.009399999999816
21 15 2.017200919676718 0.0017990803231180408 0 2.019799999999838
13 12 2.0186676442311393 0.0019323557687003223 1 2.0213999999998413
26 3 2.023485733689862 0.001814266309987378 1 2.0260999999998512
17 16 2.0307318521863635 0.0017681478135012085 1 2.0332999999998664
19 6 2.0366717361163498 0.0018282638835276366 0 2.039299999999879
24 10 2.0463419038254034 0.0017580961744942947 0 2.0488999999998994
14 12 2.0469561928772917 0.0017438071226072438 1 2.0494999999999006
22 15 2.050945237804797 0.001754762195110171 0 2.053499999999909
15 12 2.0563377922489843 0.0017622077509344969 1 2.0588999999999205
13 9 2.0580186788242565 0.0017813211756658731 0 2.060599999999924
16 12 2.058629562790088 0.001770437209835496 1 2.0611999999999253
17 12 2.0721011529942595 0.0017988470056926609 1 2.074699999999954
17 14 2.072954144651553 0.00174585534840066 0 2.0754999999999555
23 1 2.0795130308031533 0.0017869691968144252 1 2.0820999999999694
24 1 2.080973529379577 0.001926470620394305 1 2.083699999999973
17 17 2.086323749003984 0.0017762509959982076 0 2.0888999999999838
16 0 2.0880626804111264 0.001737319588859254 1 2.0905999999999874
20 6 2.0962810066877062 0.001818993312296957 0 2.098900000000005
14 9 2.100508654459457 0.001791345540555156 0 2.1031000000000137
16 7 2.101071150162748 0.0018288498372651674 1 2.103700000000015
28 8 2.102057732130725 0.001842267869290204 0 2.104700000000017
18 12 2.104849807551979 0.0017501924480423092 1 2.107400000000023
23 15 2.1313825573758205 0.0018174426242567598 0 2.134000000000079
22 13 2.1440761361870555 0.001823863813048554 1 2.1467000000001057
25 10 2.1502562977793223 0.001743702220794674 0 2.1528000000001186
15 9 2.1536611375645305 0.0017388624355936244 0 2.156200000000126
21 6 2.1679697586844235 0.0018302413157309516 0 2.170600000000156
18 16 2.17039936105897 0.0018006389411895363 1 2.1730000000001612
25 1 2.1739645699739842 0.001735430026182705 1 2.1765000000001686
19 5 2.1802932588785 0.0018067411216806661 1 2.182900000000182
24 15 2.187923115410695 0.0017768845895016483 0 2.190500000000198
19 16 2.1892767596671536 0.001823240333045817 1 2.191900000000201
25 15 2.189764731832095 0.0017352681681050974 0 2.192300000000202
26 10 2.1918386765098474 0.0017613234903572916 0 2.1944000000002064
29 8 2.1940648275470847 0.0017351724531247115 0 2.196600000000211
18 17 2.2086392752711355 0.0017607247291047123 0 2.211200000000242
22 6 2.208651446124317 0.00204855387592362 0 2.2119000000002433
26 15 2.213398188833135 0.001801811167115197 0 2.216000000000252
19 12 2.226430161558783 0.0017698384414948087 1 2.2290000000002794
27 11 2.2298044443898872 0.001795555610397681 1 2.2324000000002866
28 11 2.238407445213874 0.0017925547864292568 1 2.2410000000003047
27 15 2.2521027486932796 0.0017972513070523277 0 2.2547000000003337
26 2 2.262843809309528 0.0017561906908265534 0 2.2654000000003562
18 14 2.2672605967514183 0.0017394032489455036 0 2.2698000000003655
23 6 2.2692780804508184 0.0018219195495499108 0 2.27190000000037
16 9 2.274746956596795 0.0017530434035846199 0 2.2773000000003814
28 15 2.279729308321677 0.0017706916787130211 0 2.282300000000392
20 12 2.2850705766377613 0.0018294233626403589 1 2.2877000000004033
24 6 2.298635107825475 0.0017648921749549018 0 2.301200000000432
27 2 2.29960318039965 0.0017968196007820403 0 2.302200000000434
19 17 2.305866169289743 0.001733830710702211 0 2.308400000000447
29 15 2.319128175913025 0.0017718240874482483 0 2.321700000000475
20 16 2.326213824567795 0.0017861754326933266 1 2.32880000000049
21 16 2.3262850489407465 0.0017149510597418427 1 2.32880000000049
30 8 2.3371303430265074 0.001769656974003997 0 2.339700000000513
20 4 2.3459467841914585 0.0017532158090713956 0 2.3485000000005316
28 2 2.3601599521428462 0.0017400478577136447 0 2.3627000000005616
22 16 2.3778063331821317 0.0017936668184654891 1 2.380400000000599
27 3 2.3819923407741412 0.0018076592264648639 1 2.384600000000608
27 10 2.38402435030776 0.0017756496928504895 0 2.386600000000612
21 12 2.387635710478338 0.001764289522280027 1 2.3902000000006196
29 2 2.393569479945303 0.001830520055327689 0 2.3962000000006323
23 16 2.404903229310059 0.0017967706905954728 1 2.407500000000656
20 5 2.4070903996156052 0.0018096003850538445 1 2.4097000000006608
19 14 2.4075490350864706 0.0017509649141893568 0 2.4101000000006616
28 10 2.409959277685929 0.0017407223147358764 0 2.4125000000006667
29 10 2.4144415358622773 0.0017584641383971977 0 2.417000000000676
30 15 2.4145914797312917 0.0019085202693833736 0 2.4177000000006776
28 3 2.4164220499425566 0.0017779500581220908 1 2.4190000000006804
23 13 2.4269910083555977 0.0018089916451033972 1 2.4296000000007028
24 13 2.4420248626203276 0.001775137380405134 1 2.4446000000007344
30 10 2.444217663630168 0.0017823363705695705 0 2.446800000000739
17 0 2.4633306506638752 0.001769349336902426 1 2.4659000000007794
22 12 2.4712781797556933 0.0018218202451012466 1 2.4739000000007962
26 1 2.4723285116236884 0.0017714883771082768 1 2.4749000000007984
31 10 2.472882164626167 0.0018178353746307607 0 2.4755000000007996
29 3 2.4770252436421325 0.0017747563586740789 1 2.4796000000008083
27 1 2.482063416892142 0.0017365831086753047 1 2.484600000000819
25 6 2.483247545033182 0.00175245496763754 0 2.4858000000008214
21 5 2.4842056516808952 0.0017943483199265309 1 2.4868000000008235
28 1 2.486108561969742 0.0017914380310837252 1 2.4887000000008275
20 17 2.4879363032103727 0.001763696790456848 0 2.4905000000008313
23 12 2.4911938055432343 0.001806194457602217 1 2.4938000000008382
20 14 2.496437935256383 0.0017620647444647197 0 2.499000000000849
18 0 2.501097538910145 0.0018024610907123595 1 2.503700000000859
21 4 2.5120586184077633 0.0017413815931170973 0 2.514600000000882
30 2 2.5251694860799114 0.001830513920996868 0 2.52780000000091
22 4 2.5293876096392323 0.0018123903616849013 0 2.532000000000919
31 8 2.5393517482408106 0.001748251760127495 0 2.5419000000009397
31 15 2.541361303152948 0.0017386968479944365 0 2.543900000000944
26 6 2.5472293418289276 0.0017706581720271508 0 2.5498000000009564
32 10 2.547504236105304 0.0017957638956511701 0 2.550600000000958
23 4 2.549377030870974 0.0018229691299853634 0 2.552000000000961
24 4 2.559681341401295 0.001818658599685996 0 2.562300000000983
32 15 2.5606977249151766 0.0018022750858066594 0 2.563300000000985
29 1 2.5864047943182884 0.001795205682749046 1 2.589000000001039
33 10 2.590190782831883 0.0018092171691623804 0 2.592800000001047
27 6 2.6037430209898162 0.0017569790112577088 0 2.6063000000010756
17 7 2.60726817647179 0.0018318235292915652 1 2.6099000000010832
32 8 2.6072910861752456 0.0019089138258361338 0 2.6100000000010835
21 14 2.607585021917958 0.0019149780831244634 0 2.610700000001085
29 11 2.609003173137987 0.0017968268630981221 1 2.611600000001087
33 8 2.6121876306136205 0.0018123693874714242 0 2.6148000000010936
22 5 2.615195641848794 0.0018043581523041752 1 2.6178000000011
19 0 2.621318336822131 0.0017816631789799864 1 2.623900000001113
24 12 2.635930205711446 0.001769794289695703 1 2.6385000000011436
18 7 2.643010459979271 0.0017895400218859159 1 2.6456000000011586
25 13 2.646743674316839 0.0017563256843255992 1 2.6493000000011664
20 0 2.647171027845505 0.0018289721556605798 1 2.650000000001168
22 14 2.6550437722980713 0.001756227703110902 0 2.657600000001184
23 14 2.6596546864948465 0.0017453135063454361 0 2.6622000000011936
21 0 2.6623737402947643 0.001826259706433575 1 2.6650000000011995
25 12 2.6632301763485295 0.0017698236526699773 1 2.665800000001201
31 2 2.6636024479612046 0.0017975520399957645 0 2.666200000001202
34 10 2.6661293631115903 0.001770636889615318 0 2.6687000000012073
17 9 2.670165320537637 0.0017346794635768603 0 2.6727000000012158
18 9 2.670410975169172 0.0014890248320420518 0 2.6727000000012158
26 13 2.675490903276469 0.001809096724756376 1 2.678100000001227
32 2 2.6766250803652833 0.0017749196359444497 0 2.6792000000012295
24 16 2.677574472553988 0.0018255274472420702 1 2.6802000000012316
27 13 2.6797400213886107 0.0017599786126236694 1 2.682300000001236
30 11 2.6907078223519676 0.001792177649289961 1 2.6933000000012592
30 3 2.6924157636377366 0.0017842363635245384 1 2.695000000001263
30 1 2.696631612247434 0.0017683877538359205 1 2.6992000000012717
28 13 2.702495228354937 0.0018047716463454044 1 2.705100000001284
33 15 2.7027013310391252 0.0017986689621576346 0 2.7053000000012846
28 6 2.7146222957310044 0.0017777042703035484 0 2.7172000000013097
29 13 2.714702604633541 0.0019973953677676626 1 2.7175000000013103
26 12 2.718525359458578 0.0017746405427381262 1 2.721100000001318
27 12 2.7230008172834816 0.0017991827178440722 1 2.7256000000013274
21 17 2.728444224017804 0.0017557759835331588 0 2.731000000001339
30 13 2.7310865068239036 0.0018134931774391738 1 2.7337000000013445
25 4 2.736042614894578 0.0017573851067753665 0 2.738600000001355
35 10 2.7387258848844103 0.0017741151169485825 0 2.7413000000013605
25 16 2.7494687859981575 0.0018312140032241686 1 2.7521000000013833
31 1 2.768181313429271 0.0018186865721498968 1 2.770800000001423
34 15 2.770921481330014 0.0017785186714127654 0 2.7735000000014285
32 1 2.775000398239027 0.0017996017624084537 1 2.777600000001437
28 12 2.7765545554136817 0.0018454445877571501 1 2.7792000000014405
29 12 2.7948139360956046 0.001786063905872659 1 2.797400000001479
33 1 2.79590229402012 0.001797705981359421 1 2.7985000000014812
29 6 2.798652192513822 0.0017478074876633443 0 2.801200000001487
34 1 2.819676262833264 0.0018237371682658932 1 2.8223000000015315
34 8 2.820828104143255 0.0017718958582770838 0 2.823400000001534
31 11 2.8253411028065867 0.0017588971949549226 1 2.8279000000015433
19 9 2.8274060155129708 0.001793984488575262 0 2.8300000000015477
22 0 2.827901126711986 0.001798873289561076 1 2.8305000000015488
30 12 2.846408015881638 0.0017919841199480757 1 2.849000000001588
26 4 2.8509755914444477 0.0018244085571481605 0 2.8536000000015975
35 1 2.852555240670824 0.0018447593307753252 1 2.855200000001601
23 0 2.8532574907405035 0.0017425092610969806 1 2.8559000000016024
33 2 2.8539636234363956 0.0017363765652063101 0 2.8565000000016036
35 15 2.8587905008631034 0.0018094991385089187 0 2.861400000001614
23 5 2.8660392254139224 0.0017607745877050718 1 2.868600000001629
36 1 2.871476132956476 0.00182386704516313 1 2.874100000001641
20 9 2.8814006872736964 0.0017993127279636312 0 2.8840000000016617
36 10 2.886530705506939 0.0017692944947316214 0 2.8891000000016724
31 3 2.8920216101193517 0.0017783898823306998 1 2.894600000001684
24 0 2.894004392073308 0.0017956079283787396 1 2.8966000000016883
32 3 2.9014000687611854 0.0017999312405168055 1 2.904000000001704
36 15 2.9051653215387385 0.001734678462971484 0 2.9077000000017117
37 1 2.9056440137682125 0.0017559862334985965 1 2.9082000000017127
25 0 2.9087741089432777 0.00182589105844011 1 2.9114000000017195
38 1 2.916245397490488 0.0017546025112453734 1 2.918800000001735
33 3 2.920887512826027 0.0018124871757163596 1 2.923500000001745
35 8 2.9335857328420682 0.0018142671597018989 0 2.936200000001772
34 2 2.9372305000641754 0.0017694999376023368 0 2.9398000000017794
30 6 2.952088124906471 0.001811875095337978 0 2.954700000001811
36 8 2.9670826160391317 0.0018173839627091404 0 2.9697000000018425
19 7 2.97342104424743 0.0017789557544243273 1 2.976000000001856
31 6 2.9769839170933476 0.001816082908514094 0 2.9796000000018634
26 0 2.9796000231566784 0.0017999768451888443 1 2.982200000001869
39 1 2.9805417890798607 0.0017582109220084519 1 2.983100000001871
27 4 2.994271594075805 0.001828405926093346 0 2.9969000000019
37 15 3.0031100921973684 0.0017899078045484629 0 3.0057000000019185
34 3 3.0043869210068115 0.001813078995108075 1 3.0070000000019212
32 11 3.0046299488795 0.0018700511224203353 1 3.0077000000019227
35 2 3.0065558918926354 0.0017441081092886002 0 3.0091000000019257
32 6 3.007155199714911 0.001744800287014403 0 3.009800000001927
31 12 3.0089276495312425 0.001772350470686579 1 3.0115000000019307
36 2 3.0113153763118827 0.00178462369005139 0 3.013900000001936
40 1 3.0150085435598997 0.0017914564420422607 1 3.0176000000019436
24 5 3.0167457599557213 0.0017542400462242647 1 3.019300000001947
22 17 3.02168387364382 0.0018161263581362164 0 3.0243000000019578
35 3 3.0280154176463316 0.0017845823556377205 1 3.030600000001971
33 11 3.029706721593282 0.0017932784086909237 1 3.0323000000019746
27 0 3.032817657409341 0.0017823425926386527 1 3.035400000001981
37 8 3.0541639838987806 0.0017360161032438093 0 3.056700000002026
28 0 3.0596412192105276 0.0017587807915084852 1 3.0622000000020377
21 9 3.062644032611979 0.00175596739006334 0 3.065200000002044
22 9 3.0642265933658863 0.0017734066361594358 0 3.0668000000020474
38 8 3.0678904740311825 0.0018095259708710287 0 3.0705000000020553
34 11 3.0715582356894697 0.0017417643125914317 1 3.074100000002063
25 5 3.076698687955931 0.0018013120461413124 1 3.079300000002074
41 1 3.0783587287141 0.001741271287975632 1 3.080900000002077
20 7 3.0831223272728354 0.0017776727292502237 1 3.0857000000020873
37 2 3.086042093929781 0.0017579060723109663 0 3.0886000000020934
37 10 3.092215379015289 0.0017846209868159768 0 3.0948000000021065
39 8 3.0928672122539727 0.0018327877481336685 0 3.095500000002108
32 12 3.098111673823895 0.0017883261782221105 1 3.100700000002119
31 13 3.098816397846244 0.0017836021558745863 1 3.101600000002121
42 1 3.0989099795922086 0.0019900204099108088 1 3.102200000002122
26 16 3.100339698207624 0.0017603017944978205 1 3.103000000002124
23 9 3.1003223367205517 0.001877663281570463 0 3.103100000002124
38 10 3.1053174805771984 0.0017825194249341259 0 3.107900000002134
23 17 3.112825058031615 0.0017749419705332947 0 3.11540000000215
32 13 3.123541610922868 0.0017583890793027024 1 3.1261000000021726
43 1 3.12749189904265 0.001808100959529213 1 3.130100000002181
38 15 3.1326013251409734 0.0017986748612166537 0 3.135200000002192
27 16 3.133827857075558 0.0017721429266344124 1 3.1364000000021943
35 11 3.141128258452414 0.0017717415497942035 1 3.1437000000022097
24 9 3.1453458950804305 0.0017541049217864035 0 3.1479000000022186
25 9 3.145725260709876 0.0013747392923408874 0 3.1479000000022186
44 1 3.151158137788877 0.0017418622133522632 1 3.153700000002231
29 0 3.153655105423131 0.0017448945791032067 1 3.156200000002236
21 7 3.1544202895855094 0.0017797104167267541 1 3.157000000002238
33 12 3.157500383660451 0.0017996163417914879 1 3.1601000000022443
22 7 3.179801841510331 0.0017981584919586346 1 3.1824000000022914
36 3 3.192206311608272 0.001793688394043702 1 3.1948000000023176
40 8 3.1924544572745295 0.0017455427277868196 0 3.195000000002318
24 17 3.1932450327702857 0.0017549672320322784 0 3.1958000000023197
37 3 3.202587168302328 0.0018128317000098981 1 3.2052000000023395
26 9 3.2112804985130143 0.001819501489341846 0 3.213900000002358
28 16 3.2177085316380025 0.0017914683643671658 1 3.2203000000023714
25 17 3.235852774976068 0.001747225026339727 0 3.2384000000024096
24 14 3.2386646720733645 0.0017353279290492907 0 3.2412000000024155
23 7 3.239719112811783 0.0017808871906330737 1 3.242300000002418
26 17 3.2415978086393555 0.001802191363064587 0 3.244200000002422
39 10 3.2443365414320837 0.0017634585703421024 0 3.2469000000024275
41 8 3.247118012552683 0.0017819874497488897 0 3.2497000000024334
29 16 3.247523656382528 0.0017763436199045302 1 3.2501000000024343
40 10 3.2572343756094564 0.0017656243929966564 0 3.2598000000024547
39 15 3.2581743326645194 0.0018256673379357657 0 3.260800000002457
27 9 3.268664487113043 0.0017355128894340766 0 3.271200000002479
42 8 3.271855217218503 0.001744782783980714 0 3.2744000000024855
28 9 3.2724968780654833 0.0018031219370020501 0 3.275100000002487
33 13 3.278703694144802 0.001796305857696634 1 3.2813000000025
38 3 3.286870137881288 0.001829862121227599 1 3.2895000000025174
40 15 3.2927470307150744 0.0017529692874536096 0 3.2953000000025297
27 17 3.296466206713574 0.001733793288961838 0 3.2990000000025375
41 10 3.297438464330052 0.0017615356724860476 0 3.3000000000025396
34 13 3.338606510591518 0.0017934894111069077 1 3.3412000000026265
25 14 3.3430179887968845 0.0017820112057496118 0 3.345600000002636
30 0 3.3446390511908732 0.0017609488117642513 1 3.347200000002639
29 9 3.3456886027837167 0.0018113972189230942 0 3.3483000000026415
33 6 3.357196102522943 0.001803897479720984 0 3.3598000000026658
42 10 3.3673896012975137 0.0018103987051718562 0 3.3700000000026873
26 14 3.3725411997660064 0.0017588002366899502 0 3.375100000002698
27 14 3.3726198822986118 0.001680117704084605 0 3.375100000002698
31 0 3.3808435287231986 0.0017564712795152815 1 3.3834000000027156
39 3 3.3873335668727615 0.0017664331299660496 1 3.3899000000027293
34 6 3.3946906422391714 0.0018093577635718283 0 3.397300000002745
40 3 3.397477047000322 0.0018229530024269636 1 3.400100000002751
43 8 3.4053963457273078 0.0018036542754580331 0 3.4080000000027675
43 10 3.411628756115185 0.0017712438875938652 0 3.4142000000027806
35 13 3.420883209280506 0.0018167907222923496 1 3.4235000000028
36 11 3.424797636111564 0.0018023638912425533 1 3.4274000000028084
28 4 3.4255524131679227 0.0017475868348855172 0 3.42810000000281
41 15 3.428889839822202 0.0018101601806135292 0 3.431500000002817
26 5 3.4327164715252896 0.0017835284775338245 1 3.435300000002825
34 12 3.446345137705662 0.0017548622971901295 1 3.448900000002854
38 2 3.4606482824548688 0.0017517175480135094 0 3.463200000002884
24 7 3.46975755223881 0.0017424477640912706 1 3.472300000002903
25 7 3.4704284078150645 0.0010715921878370338 1 3.472300000002903
30 9 3.4708413086377963 0.0017586913651075342 0 3.4734000000029055
32 0 3.4881545845528477 0.0017454154500926577 1 3.490700000002942
29 4 3.491133024148486 0.0017669758544607284 0 3.4937000000029483
30 16 3.496761958684246 0.0017380413187124688 1 3.49930000000296
42 15 3.4996027473936455 0.0017972526093190666 0 3.5022000000029663
28 17 3.5256835047718154 0.001816495231204307 0 3.5283000000030214
28 14 3.5287556746928224 0.0017443253102036316 0 3.5313000000030277
29 17 3.531760764579873 0.0017392354231593465 0 3.534300000003034
35 12 3.5319274526649354 0.0018725473380976076 1 3.5346000000030346
31 16 3.5414269105151415 0.001773089487911328 1 3.5440000000030545
33 0 3.5425101516704984 0.0017898483325566872 1 3.545100000003057
32 16 3.547056515211741 0.0017434847913238016 1 3.5496000000030663
36 13 3.550645577762567 0.00175442224050526 1 3.553200000003074
37 11 3.56233498778239 0.0017650122207069074 1 3.5649000000030986
44 8 3.568077913185056 0.0018220868180529592 0 3.570700000003111
27 5 3.5784376758275505 0.0017623241755804209 1 3.5810000000031326
38 11 3.582414942777904 0.0017850572252351427 1 3.585000000003141
45 1 3.582678117989096 0.0018218820140440961 1 3.5857000000031425
45 8 3.5845576963727837 0.001742303630360098 0 3.5871000000031454
34 0 3.584672497417319 0.0019275025858251915 1 3.587400000003146
35 0 3.59311538145675 0.0017846185464120978 1 3.5957000000031636
30 4 3.596272682452593 0.0018273175505756356 0 3.5989000000031703
35 6 3.605952654085997 0.0017473459171917227 0 3.6085000000031906
46 8 3.6078127217752716 0.0017872782279213517 0 3.6104000000031946
36 12 3.609714946982486 0.0017850530207108584 1 3.6123000000031986
46 1 3.614626047375418 0.0017739526277891215 1 3.617200000003209
29 14 3.6157150549172092 0.0017849450860003557 0 3.6183000000032113
41 3 3.617054012680515 0.0017459873226974842 1 3.619600000003214
43 15 3.6218531541938286 0.0017468458093938821 0 3.624400000003224
42 3 3.6232056921825837 0.0017943078206417162 1 3.625800000003227
37 13 3.6274730911762507 0.0018269088269837752 1 3.630100000003236
37 12 3.63522292566783 0.0017770743354206253 1 3.6378000000032524
39 2 3.636321118578603 0.0017788814246499918 0 3.6389000000032548
47 1 3.6396104797071116 0.001789520296148428 1 3.6422000000032617
30 17 3.6548699127241426 0.0018300872791496836 0 3.657500000003294
26 7 3.6584339111664685 0.001766088836831159 1 3.6610000000033014
38 12 3.662903035585978 0.001796964417331015 1 3.665500000003311
36 6 3.6766821955013085 0.0018178045020298406 0 3.67930000000334
28 5 3.6778118970879867 0.0017881029153539174 1 3.6804000000033423
29 5 3.6981167413256553 0.0017832586777282167 1 3.700700000003385
31 9 3.705053842584232 0.0017461574191659501 0 3.7076000000033997
47 8 3.7175304409259398 0.0017695590774846615 0 3.720100000003426
37 6 3.719854055079045 0.0017459449243841796 0 3.722400000003431
30 5 3.7211796934555683 0.0018203065478639147 1 3.723800000003434
43 3 3.721733643364941 0.00176635663849245 1 3.7245000000034354
27 7 3.7304070261769566 0.0017929738264950146 1 3.7330000000034533
39 12 3.7309794741434907 0.0018205258599621743 1 3.733700000003455
31 17 3.746415088648752 0.001784911354733243 0 3.749000000003487
44 3 3.754493563183618 0.0018064368198844605 1 3.757100000003504
28 7 3.7547435842925903 0.0018564157109128843 1 3.7578000000035057
36 0 3.7556073136784804 0.001792686325024384 1 3.7586000000035074
32 17 3.7574255859028733 0.0017744141006352798 0 3.7600000000035103
38 13 3.757800727107791 0.0017992728957185733 1 3.760400000003511
39 13 3.7649943993670814 0.0018056006364433053 1 3.7676000000035264
37 0 3.7674115105532775 0.0017884894502522286 1 3.7700000000035314
45 3 3.767796501653794 0.0018034983497363655 1 3.770700000003533
33 17 3.772925169286447 0.0017748307170943889 0 3.775500000003543
48 1 3.7754470289153756 0.0017529710881709626 1 3.7780000000035483
32 9 3.7860059440897547 0.0017940559138143186 0 3.7886000000035707
33 16 3.803983115604903 0.0018168843987038663 1 3.8066000000036087
34 16 3.816448499067418 0.0017515009362152334 1 3.819000000003635
39 11 3.8284408494231417 0.0017591505805167884 1 3.83100000000366
40 2 3.8310249454642973 0.0017750545393666606 0 3.8336000000036656
40 12 3.8315639247766464 0.0017360752270185742 1 3.8341000000036667
40 13 3.832145221603153 0.0017547784005134126 1 3.834800000003668
35 16 3.8338773592041666 0.00182264079950345 1 3.8365000000036718
33 9 3.8394918051434908 0.0018081948601911257 0 3.8421000000036836
48 8 3.842490627420289 0.0018093725833994156 0 3.84510000000369
34 9 3.846105935817126 0.0017940641865696882 0 3.8487000000036975
38 6 3.857168190494774 0.0018318095089453479 0 3.859800000003721
31 4 3.877109581155703 0.001790418848058195 0 3.879700000003763
41 12 3.8800187993344166 0.0017812006693507243 1 3.882600000003769
35 9 3.8863304056456265 0.0017695943581541584 0 3.8889000000037823
29 7 3.905465836417286 0.001734163586534887 1 3.9080000000038226
42 12 3.9168460170475123 0.001753982956332667 1 3.9194000000038467
44 10 3.916966073635181 0.001733926368664207 0 3.919500000003847
36 16 3.926100148610257 0.001799851393607721 1 3.9287000000038663
49 1 3.9375755158484043 0.0018244841554846403 1 3.9402000000038906
41 13 3.939323136944758 0.0017768630591343815 1 3.941900000003894
45 10 3.941251126882612 0.0017488731212846886 0 3.943800000003898
30 14 3.950452998826754 0.0017470011771618665 0 3.9530000000039176
36 9 3.9506110703272155 0.0018889296767010677 0 3.953700000003919
49 8 3.9562322916581194 0.0017677083458087495 0 3.95880000000393
50 8 3.9574550205519956 0.0005449794519325479 0 3.95880000000393
31 14 3.9605585380768313 0.0017414619271058918 0 3.963100000003939
46 3 3.981657515818936 0.0017424841850459671 1 3.9842000000039834
50 1 3.9858842866291027 0.0018157133748881726 1 3.9885000000039925
38 0 3.9871837270193105 0.0018162729846831205 1 3.9898000000039953
42 13 3.995272722426879 0.0018272775771315253 1 3.9979000000040124
34 17 3.9953803557925167 0.0018196442114941647 0 3.9980000000040126
39 0 3.9969657290432004 0.0018342709608138996 1 3.999600000004016
37 16 4.010857797198044 0.0017422028059428385 1 4.013400000003985
38 16 4.011008950805566 0.0015910491984207908 1 4.013400000003985
40 11 4.013765904277449 0.0017340957265314927 1 4.016300000003978
39 16 4.0314856567064625 0.0018143432974762064 1 4.034100000003937
43 13 4.036285583381433 0.0018144166224942637 1 4.038900000003926
46 10 4.0399473108764745 0.00175268912744464 0 4.042500000003917
32 4 4.055570334839603 0.0018296651642799588 0 4.058200000003881
44 13 4.065787520724947 0.001812479278911816 1 4.068400000003857
44 15 4.073387472770228 0.001812527233613359 0 4.076000000003839
39 6 4.080088402193851 0.001811597809974863 0 4.082700000003824
41 2 4.080962671391582 0.0017373286122417397 0 4.083500000003822
45 15 4.083418450388701 0.0017815496151163401 0 4.086000000003816
47 10 4.09013487569697 0.0017651243068321776 0 4.0927000000038
32 14 4.0955640411930405 0.0017359588107490609 0 4.098100000003788
45 13 4.097491383077353 0.0018086169264321938 1 4.100100000003783
33 14 4.097519580670126 0.0018804193336583452 0 4.100200000003783
34 14 4.098557006334944 0.0008429936688409967 0 4.100200000003783
41 11 4.103186884804405 0.0018131151993667771 1 4.10580000000377
40 0 4.105953136278315 0.0017468637254500763 1 4.1085000000037635
46 13 4.1091871623841305 0.001812837619627139 1 4.111800000003756
51 1 4.109343001731186 0.002056998272570887 1 4.112600000003754
40 6 4.114483040660885 0.0018169593428600805 0 4.117100000003743
47 3 4.1196943198658 0.0018056801379335852 1 4.122300000003731
51 8 4.131447472412375 0.0017525275913312655 0 4.134000000003704
42 2 4.134241723587921 0.0017582764157779707 0 4.1368000000036975
42 11 4.1457345970906365 0.0017654029130360627 1 4.148300000003671
47 13 4.14843043420083 0.0017695658028360484 1 4.151000000003664
43 11 4.152395611436234 0.001804388567422599 1 4.155000000003655
52 8 4.152710024847361 0.0017899751562948651 0 4.155300000003654
35 14 4.159515478777079 0.0017845212265612531 0 4.1621000000036386
52 1 4.172518497806276 0.0017815021973337508 1 4.175100000003608
46 15 4.1739833003718365 0.0019166996317698803 0 4.1767000000036045
31 5 4.179174124007802 0.0018258759957925363 1 4.181800000003593
44 11 4.182296790479188 0.001803209524399385 1 4.184900000003585
41 0 4.185882422888212 0.0018175771153670084 1 4.188500000003577
47 15 4.186999077841544 0.0018009221620323146 0 4.1896000000035745
37 9 4.190011575979955 0.0017884240236138993 0 4.1926000000035675
42 0 4.191063887739659 0.0017361122639076854 1 4.193600000003565
32 5 4.195866871291125 0.0018331287124304652 1 4.198500000003554
53 1 4.205406458896458 0.0017935411070757468 1 4.208000000003532
48 3 4.209275824932781 0.0018241750707437276 1 4.2119000000035225
48 15 4.218167145568752 0.001832854434751674 0 4.220800000003502
30 7 4.222232913871325 0.0017670861321690268 1 4.224800000003492
45 11 4.224780773540178 0.0018192264633105637 1 4.227400000003486
53 8 4.227881381018996 0.0018186189844850986 0 4.230500000003479
33 5 4.2464863711174745 0.0018136288859631478 1 4.249100000003436
38 9 4.255275026574103 0.0018249734293140918 0 4.257900000003415
54 1 4.266348189857738 0.0017518101456532875 1 4.26890000000339
48 10 4.270114301069357 0.0017856989340252483 0 4.272700000003381
41 6 4.282172327489449 0.0018276725139054761 0 4.284800000003353
43 2 4.2890579429812705 0.0017420570220680887 0 4.291600000003337
49 10 4.2923252459838555 0.0017747540194754663 0 4.294900000003329
48 13 4.305291205966615 0.001808794036685768 1 4.307900000003299
55 1 4.319906998767858 0.0017930012354083757 1 4.322500000003265
49 13 4.331740198043302 0.0017598019599374126 1 4.334300000003237
31 7 4.332676639019559 0.0018233609836775244 1 4.335300000003235
56 1 4.333011199175212 0.0018888008280235624 1 4.336100000003233
39 9 4.334365303866233 0.001734696137000391 0 4.336900000003231
34 5 4.339074976911516 0.0018250230917056243 1 4.34170000000322
50 13 4.339845044837065 0.0017549551661550922 1 4.342500000003218
43 0 4.342298416787282 0.0018015832159328227 1 4.3449000000032125
57 1 4.342868239477857 0.001831760525355719 1 4.345700000003211
35 17 4.344852772394212 0.0017472276089964822 0 4.347400000003207
36 17 4.348822280493411 0.0017777195097883336 0 4.351400000003197
42 6 4.352974687782926 0.0018253122202631644 0 4.355600000003188
54 8 4.375371804138561 0.0018281958645758323 0 4.378000000003135
33 4 4.376560860792342 0.0017391392107928283 0 4.379100000003133
32 7 4.378812981314891 0.0017870186882387173 1 4.3814000000031275
40 16 4.385125082437971 0.0017749175651440297 1 4.387700000003113
49 3 4.391724492528662 0.0017755074744369992 1 4.394300000003097
51 13 4.393193093556157 0.0019069064469388053 1 4.395900000003094
43 6 4.400659888858308 0.001740111144770573 0 4.403200000003077
34 4 4.405433681310657 0.0017663186924101737 0 4.4080000000030655
52 13 4.410570722915741 0.0018292770873138409 1 4.413200000003053
46 11 4.418847775650341 0.0017522243526952863 1 4.421400000003034
37 17 4.426875035138496 0.001824964864521661 0 4.429500000003015
44 0 4.435479212924937 0.0018207870780599933 1 4.438100000002995
33 7 4.439909010868595 0.001790989134391907 1 4.442500000002985
53 13 4.450439032118837 0.0017609678841257193 1 4.453000000002961
45 0 4.45779262912887 0.0018073708740748984 1 4.460400000002943
35 4 4.464296559677327 0.0018034403256033116 0 4.466900000002928
41 16 4.473507266516344 0.0017927334865648348 1 4.476100000002907
46 0 4.4770224684032485 0.0017775315996519936 1 4.479600000002899
38 17 4.488355617651734 0.0017443823511404943 0 4.490900000002872
49 15 4.491195840362218 0.0018041596406490612 0 4.4938000000028655
39 17 4.499989604456772 0.0018103955460748722 0 4.502600000002845
35 5 4.501039640096235 0.0017603599066093878 1 4.503600000002843
47 11 4.501761416288777 0.0017385837140659888 1 4.504400000002841
44 2 4.514082437501529 0.0018175625012846197 0 4.516700000002812
50 3 4.515550858636145 0.0017491413666661515 1 4.518100000002809
36 14 4.519778791268441 0.0018212087343600913 0 4.522400000002799
51 3 4.531398966753751 0.0018010332490225878 1 4.534000000002772
37 14 4.531962716789279 0.0017372832134938676 0 4.534500000002771
40 9 4.549405322578852 0.0017946774238799534 0 4.55200000000273
50 10 4.551415189664569 0.0017848103381581382 0 4.554000000002725
54 13 4.566514744607114 0.0017852553955775008 1 4.56910000000269
58 1 4.57274278582156 0.0017572141811177389 1 4.575300000002676
59 1 4.579726114465259 0.001773885537402542 1 4.582300000002659
36 5 4.583542109757161 0.0017578902454911116 1 4.58610000000265
41 9 4.598450272921115 0.0017497270815027832 0 4.601000000002616
44 6 4.6053348473029265 0.0017651526996749212 0 4.6079000000026
42 16 4.607024891264705 0.0017751087378927721 1 4.609600000002596
38 14 4.628071134709341 0.0018288652932074712 0 4.6307000000025464
60 1 4.634086737845715 0.0018132621568192064 1 4.6367000000025325
52 3 4.640535494886965 0.0017645051155543712 1 4.6431000000025175
34 7 4.649421557315351 0.0017784426871481074 1 4.652000000002497
51 10 4.6560626164626955 0.0017373835397878068 0 4.658600000002481
55 13 4.6618164751620705 0.001783524840399231 1 4.664400000002468
53 3 4.662290724110558 0.001809275891910822 1 4.665200000002466
55 8 4.663869648920846 0.0018303510816188862 0 4.666500000002463
43 12 4.672986962131326 0.001813037871118084 1 4.675600000002442
44 12 4.681913880708363 0.001786119294060029 1 4.684500000002421
47 0 4.6828909713386215 0.0018090286637990616 1 4.685500000002419
35 7 4.686322094809823 0.0017779051925899125 1 4.688900000002411
45 6 4.692251285208056 0.0017487147943429093 0 4.694800000002397
45 2 4.707267113302489 0.0018328866998746918 0 4.709900000002362
50 15 4.709753321425507 0.0017466785768514015 0 4.712300000002356
36 4 4.721523388718124 0.0017766112842068083 0 4.724100000002329
45 12 4.727575535551354 0.0018244644509621821 1 4.7302000000023146
42 9 4.730072951564419 0.0018270484378914986 0 4.732700000002309
56 13 4.734259350941986 0.0017406490603146807 1 4.736800000002299
48 11 4.7396937915588415 0.0018062084434466996 1 4.742300000002286
57 13 4.744306562895126 0.0017934371071515187 1 4.746900000002276
51 15 4.7720328477301415 0.0017671522720714705 0 4.774600000002211
46 2 4.786604212487458 0.001795787514720537 0 4.789200000002177
39 14 4.7878516791162875 0.0017483208858886101 0 4.790400000002174
46 6 4.7889759283886875 0.001824071613485856 0 4.7916000000021715
48 0 4.789471360321209 0.001828639680963029 1 4.79210000000217
52 15 4.798892623723266 0.0018073762788839431 0 4.801500000002148
61 1 4.801048538512784 0.0017514614893610059 1 4.8036000000021435
58 13 4.8087092999487435 0.0017907000533838868 1 4.8113000000021255
62 1 4.817123119627275 0.0017768803748330342 1 4.819700000002106
49 0 4.8279746757066375 0.0018253242954449078 1 4.830600000002081
40 14 4.8281094921281165 0.0017905078739657299 0 4.83070000000208
47 6 4.829009480747589 0.0017905192544906967 0 4.831600000002078
37 4 4.8297268131811295 0.0017731868209489576 0 4.832400000002076
63 1 4.832653008042999 0.0017469919590729077 1 4.83520000000207
37 5 4.834520659444835 0.0017793405572321674 1 4.837100000002065
59 13 4.837036037504222 0.0017639624978391666 1 4.83960000000206
38 5 4.838454488523887 0.0017455114781714798 1 4.841000000002056
47 2 4.8527289454465095 0.0017710545555154056 0 4.855300000002023
50 0 4.8556519580552555 0.0017480419467625907 1 4.858200000002016
48 2 4.896262986936742 0.0017370130651812588 0 4.898800000001922
48 6 4.904185402088729 0.0018145979131753975 0 4.906800000001903
64 1 4.90466938278922 0.0018306172126836273 1 4.907300000001902
43 16 4.906845868272631 0.0017541317292675274 1 4.909400000001897
52 10 4.91673944686264 0.001760553139235732 0 4.919300000001874
60 13 4.919170998210337 0.0018290017915330026 1 4.921800000001868
56 8 4.919995245408006 0.0018047545938619791 0 4.922600000001866
61 13 4.9243992774821175 0.0018007225197402832 1 4.927000000001856
53 15 4.932185155405638 0.0018148445962014037 0 4.934800000001838
41 14 4.939407918674987 0.0017920813268359481 0 4.942000000001821
49 2 4.956163527511885 0.0017364724898989436 0 4.958700000001782
51 0 4.961248387815816 0.0017516121859557643 1 4.96380000000177
53 10 4.963088802004798 0.0018111979969699377 0 4.965700000001766
44 16 4.967331664332953 0.0017683356688049656 1 4.969900000001756
57 8 4.967900803923445 0.0017991960783110272 0 4.9705000000017545
54 10 4.979599501740508 0.001800498261220973 0 4.982200000001727
58 8 4.9815969584769135 0.0018030415248109222 0 4.984200000001723
59 8 4.983364073821981 0.0017359261797391667 0 4.985900000001719
65 1 4.989001486325886 0.0017985136758209563 1 4.991600000001705
