#10 ONUs
# id src init_time waited_time freq processed_time
0 1 0.0005171793297896427 0.0017828206702103573 0 0.0030999999999999986
0 3 0.00531565868830851 0.0017843413116914956 0 0.007900000000000008
1 1 0.014154114033750814 0.0017458859662491458 0 0.016699999999999954
0 7 0.015093108794643012 0.0018068912053569412 0 0.01769999999999995
1 7 0.01704399767766804 0.0017560023223319003 0 0.019599999999999937
0 2 0.03981287816396084 0.0017871218360393237 0 0.04240000000000019
0 8 0.04444404032091542 0.001755959679084873 0 0.04700000000000032
0 0 0.04718725381008134 0.0018127461899190359 0 0.0498000000000004
1 0 0.0549394094311458 0.001760590568854796 0 0.05750000000000062
0 5 0.05515983087967298 0.0018401691203276255 0 0.05820000000000064
2 7 0.056685973503888876 0.001814026496111773 0 0.05930000000000067
1 3 0.06001775126774147 0.0017822487322592742 0 0.06260000000000077
2 1 0.0697874110502915 0.0018125889497095232 0 0.07240000000000105
3 1 0.08982210237376159 0.0017778976262400048 0 0.09240000000000162
1 5 0.09625917402639433 0.001740825973607446 0 0.0988000000000018
4 1 0.10093991887403252 0.0017600811259693983 0 0.10350000000000194
1 8 0.10351974664063521 0.0017802533593667819 0 0.10610000000000201
0 9 0.11779636714158295 0.001803632858419446 0 0.12040000000000242
3 7 0.11879276730411223 0.0018072326958901985 0 0.12140000000000245
2 5 0.14204491456452178 0.0017550854354786982 0 0.1446000000000004
2 0 0.17063541427805773 0.0017645857219396044 0 0.17319999999999725
5 1 0.17203475475651517 0.001765245243482011 0 0.1745999999999971
2 8 0.17278246652433418 0.001817533475662908 0 0.175399999999997
1 9 0.1738941257099645 0.0018058742900324831 0 0.17649999999999688
0 6 0.20730908327470537 0.0017909167252879166 0 0.2098999999999932
3 8 0.21954701716818054 0.0017529828318114116 0 0.22209999999999186
2 9 0.24252669569937224 0.0017733043006171734 0 0.24509999999998933
2 3 0.26146379101358735 0.0017362089863999786 0 0.26399999999998724
1 6 0.2646023998234645 0.0017976001765224736 0 0.2671999999999869
4 8 0.26927671378557516 0.0018232862144113016 0 0.2718999999999864
0 4 0.27821856776716636 0.0017814322328191246 1 0.2807999999999854
5 8 0.28286664964905095 0.0017333503509340265 0 0.2853999999999849
3 5 0.2931863637138392 0.0018136362861446154 0 0.29579999999998374
3 3 0.3002972643227993 0.0018027356771837533 0 0.30289999999998296
1 4 0.3024216845109154 0.001778315489067428 1 0.30499999999998273
6 1 0.30588911738990804 0.0018108826100743936 0 0.30849999999998234
2 6 0.3169729795683875 0.0018270204315937177 0 0.3195999999999811
3 6 0.3181795306590563 0.0006204693409249118 0 0.3195999999999811
4 6 0.32155270153236115 0.0017472984676195624 0 0.3240999999999806
3 0 0.32377149029570595 0.0018285097042745058 0 0.3263999999999804
4 3 0.328946383403669 0.001753616596310903 0 0.3314999999999798
6 8 0.3352467563174699 0.0017532436825092867 0 0.3377999999999791
4 7 0.3373584257964953 0.0017415742034836978 0 0.3398999999999789
5 3 0.34255093209108567 0.001749067908892732 0 0.3450999999999783
7 8 0.35036115799340756 0.001738842006569985 0 0.35289999999997745
8 8 0.35747492137060033 0.0018250786293764198 0 0.36009999999997666
5 6 0.3617011292249244 0.001798870775051864 0 0.3642999999999762
5 7 0.36320417713762265 0.0018958228623534579 0 0.365899999999976
7 1 0.3775377671701393 0.0017622328298352308 0 0.38009999999997446
3 9 0.38644443533199624 0.0017555646679773274 0 0.3889999999999735
6 3 0.4006202573029404 0.0017797426970316277 0 0.4031999999999719
1 2 0.4013751211591855 0.0018248788407864147 0 0.4039999999999718
2 4 0.4057965447731602 0.0018034552268112458 1 0.40839999999997134
7 3 0.4113904930759448 0.0018095069240260386 0 0.4139999999999707
6 6 0.4191364781890386 0.0017635218109313677 0 0.4216999999999699
4 0 0.43724142240106495 0.0017585775989030217 0 0.4397999999999679
5 0 0.43881360701208405 0.0017863929878837448 0 0.4413999999999677
3 4 0.467688459051716 0.0018115409482485911 1 0.4702999999999645
8 3 0.47380319397487936 0.0017968060250845852 0 0.47639999999996385
9 3 0.4759619976865841 0.0017380023133796163 0 0.4784999999999636
6 0 0.4759772862025181 0.0021227137974455523 0 0.47929999999996353
9 8 0.5052133655146689 0.0017866344852915939 0 0.5077999999999604
10 8 0.5060241437908736 0.0009758562090869116 0 0.5077999999999604
4 5 0.5078632208853588 0.00173677911460135 0 0.5103999999999601
11 8 0.5135438105426076 0.0017561894573520087 0 0.5160999999999595
8 1 0.5393004810369287 0.0017995189630279906 0 0.5418999999999566
5 5 0.5445150986149777 0.0017849013849784434 0 0.5470999999999561
6 7 0.5541919254556371 0.0018080745443179724 0 0.556799999999955
7 0 0.5552694364342579 0.0018305635656971075 0 0.5578999999999549
7 7 0.5577760756220158 0.0018239243779388792 0 0.5603999999999546
7 6 0.5726882263930061 0.0018117736069469537 0 0.575299999999953
2 2 0.6069476754881393 0.001752324511809955 0 0.6094999999999492
12 8 0.6225307772670308 0.0017692227329167975 0 0.6250999999999475
10 3 0.628718886032398 0.0017811139675488752 0 0.6312999999999468
8 7 0.6314696675142009 0.0018303324857457115 0 0.6340999999999465
8 6 0.633073024694851 0.0018269753050953463 0 0.6356999999999463
4 4 0.6335655138389911 0.0017344861609552842 1 0.6360999999999463
3 2 0.648171057791379 0.0018289422085657758 0 0.6507999999999446
8 0 0.6518826451034248 0.001817354896519574 0 0.6544999999999442
9 6 0.6534590244431562 0.0018409755567879715 0 0.6560999999999441
4 2 0.6640074271582903 0.0017925728416526843 0 0.6665999999999429
10 6 0.6709459536024936 0.0017540463974485831 0 0.6734999999999421
5 4 0.6777858829332186 0.0018141170667228534 1 0.6803999999999414
9 0 0.677806905862215 0.0018930941377264254 0 0.6804999999999414
6 5 0.6826777472306738 0.0018222527692671742 0 0.6852999999999408
7 5 0.6994759782466607 0.0018240217532783376 0 0.702099999999939
11 6 0.7103609364669156 0.0017390635330223336 0 0.7128999999999378
4 9 0.7159293600076551 0.0017706399922822191 0 0.7184999999999372
11 3 0.7315393551965493 0.0017606448033862243 0 0.7340999999999355
12 3 0.7345419609298545 0.0017580390700807635 0 0.7370999999999351
8 5 0.745383484414983 0.001816515584950995 0 0.7479999999999339
5 2 0.770523903036299 0.0017760969636322343 0 0.7730999999999312
10 0 0.7808388389488278 0.0017611610511023557 0 0.78339999999993
9 1 0.7861801707272107 0.0018198292727188425 0 0.7887999999999294
9 5 0.8017298990977526 0.00177010090217522 0 0.8042999999999277
13 8 0.8051220357479086 0.0017779642520188155 0 0.8076999999999274
14 8 0.8230238513308392 0.0017761486690862638 0 0.8255999999999254
10 5 0.8405746170285912 0.00182538297133239 0 0.8431999999999235
6 4 0.8414086776003165 0.0017913223996069982 1 0.8439999999999234
5 9 0.8536542305280989 0.0017457694718232553 0 0.856199999999922
11 0 0.8733086053485727 0.0017913946513472556 0 0.8758999999999199
12 6 0.8878397285948025 0.0017602714051158097 0 0.8903999999999183
11 5 0.8918505050294814 0.001749494970436527 0 0.8943999999999178
13 6 0.9016415355412674 0.0017584644586494669 0 0.9041999999999167
7 4 0.9021886801325789 0.0018113198673378461 1 0.9047999999999167
10 1 0.908005656778522 0.0017943432213941568 0 0.910599999999916
8 4 0.9141467517578848 0.0017532482420306028 1 0.9166999999999154
11 1 0.9204864817423506 0.0018135182575641506 0 0.9230999999999147
6 9 0.9510034441029298 0.0017965558969815776 0 0.9535999999999113
15 8 0.9604255199352345 0.001774480064675843 0 0.9629999999999103
9 7 0.9644891683272339 0.0018108316726760387 0 0.9670999999999098
10 7 0.968647489959378 0.001752510040531452 0 0.9711999999999094
11 7 1.0360520640735424 0.0017479359263596894 0 1.038599999999902
12 5 1.0420752469871128 0.0018247530127886158 0 1.0446999999999014
13 3 1.0426685161828297 0.0018314838170716552 0 1.0454999999999013
7 9 1.0485247960295292 0.0017752039703715639 0 1.0510999999999007
13 5 1.056865256682005 0.0017347433178949156 0 1.0593999999998998
8 9 1.063014923911357 0.0017850760885420591 0 1.065599999999899
9 9 1.0633972563475653 0.0014027436523338377 0 1.065599999999899
6 2 1.064475434999778 0.001924565000120948 0 1.067199999999899
7 2 1.0853800429089282 0.0018199570909684937 0 1.0879999999998966
14 3 1.096626592014646 0.0017734079852493867 0 1.0991999999998954
12 0 1.1041792602261014 0.0018207397737932673 0 1.1067999999998945
14 5 1.1042930968548372 0.0021069031450573483 0 1.1075999999998944
16 8 1.1192885948388789 0.0018114051610140791 0 1.1218999999998929
15 3 1.1193253356181099 0.0021746643817830424 0 1.1226999999998928
16 3 1.1294125882839479 0.0017874117159439873 0 1.1319999999998918
17 3 1.1312009080125958 0.0017990919872958866 0 1.1337999999998916
14 6 1.136939905936932 0.0017600940629589612 0 1.139499999999891
9 4 1.1375700240721587 0.0018299759277322636 1 1.1401999999998909
15 5 1.1449353569943395 0.0017646430055506812 0 1.14749999999989
10 4 1.1544317750192634 0.0017682249806256767 1 1.156999999999889
17 8 1.1592666963247764 0.0018333036751121412 0 1.1618999999998885
13 0 1.175366340062697 0.0017336599371897687 0 1.1778999999998867
11 4 1.1873613474688725 0.0017386525310130185 1 1.1898999999998854
12 4 1.2122856793954018 0.0018143206044809457 1 1.2148999999998826
14 0 1.223682547209626 0.0018174527902554694 0 1.2262999999998814
10 9 1.2284245851287205 0.0017754148711603968 0 1.2309999999998809
15 0 1.2321030584049601 0.001796941594920387 0 1.2346999999998804
15 6 1.232812786056142 0.001787213943738486 0 1.2354999999998804
16 0 1.2361654024418436 0.0017345975580365103 0 1.23869999999988
12 1 1.2380100379991195 0.0017899620007604256 0 1.2405999999998798
17 0 1.2487682843323518 0.0018317156675269342 0 1.2513999999998786
18 8 1.2553837423613419 0.0018162576385361007 0 1.2579999999998779
19 8 1.264514315816164 0.0017856841837129434 0 1.2670999999998769
13 4 1.266170214630196 0.0018297853696807032 1 1.2687999999998767
18 0 1.2791403362238087 0.0017596637760666223 0 1.2816999999998753
16 6 1.2853911300085403 0.0018088699913343387 0 1.2879999999998746
11 9 1.285546290142447 0.002053709857427588 0 1.2887999999998745
17 6 1.292025156732862 0.0017748432670119385 0 1.2945999999998739
12 7 1.3353836645503097 0.001816335449559503 0 1.337999999999869
19 0 1.3403382127530872 0.0017617872467814433 0 1.3428999999998685
20 0 1.3443445919342718 0.0017554080655963755 0 1.346899999999868
12 9 1.3475257769710385 0.001774223028829347 0 1.3500999999998677
21 0 1.3645684457001614 0.0018315542997044965 0 1.3671999999998659
13 1 1.3985894027650865 0.0018105972347757238 0 1.4011999999998621
8 2 1.401977597798708 0.0018224022011539276 0 1.4045999999998617
13 7 1.424373601929673 0.0018263980701862526 0 1.4269999999998593
22 0 1.4307905896491049 0.0018094103507537707 0 1.4333999999998586
14 1 1.468738466108454 0.0017615338914005463 0 1.4712999999998544
20 8 1.4719047654958572 0.0017952345039968787 0 1.474499999999854
21 8 1.4738625462924237 0.00173745370743017 0 1.4763999999998538
9 2 1.481988866667026 0.0018111333328270085 0 1.484599999999853
14 4 1.503894676722002 0.0018053232778485473 1 1.5064999999998505
14 7 1.5089644900790706 0.0017355099207794211 0 1.51149999999985
15 1 1.5216239338504467 0.0017760661494019558 0 1.5241999999998486
22 8 1.5234981339265197 0.0018018660733287728 0 1.5260999999998484
10 2 1.525371758105308 0.001828241894540339 0 1.5279999999998481
23 0 1.5265651253489863 0.0017348746508618618 0 1.529099999999848
16 5 1.5352555749588777 0.0017444250409694995 0 1.537799999999847
23 8 1.5396801938830462 0.0018198061168004376 0 1.5422999999998466
24 8 1.5412138081598665 0.001886191839979956 0 1.5438999999998464
15 7 1.55356485713559 0.0017351428642551348 0 1.556099999999845
25 8 1.598588531291406 0.001811468708434072 0 1.60119999999984
18 3 1.6007294147565214 0.0017705852433185232 0 1.6032999999998399
11 2 1.608049201818663 0.001750798181176183 0 1.610599999999839
26 8 1.6196422151399354 0.0017577848599024115 0 1.6221999999998378
19 3 1.6311927774844297 0.001807222515406881 0 1.6337999999998365
17 5 1.6460217379738655 0.0017782620259694237 0 1.6485999999998349
15 4 1.660937726478881 0.0017622735209523732 1 1.6634999999998332
20 3 1.6640505977887736 0.0017494022110593477 0 1.6665999999998329
13 9 1.6704678170543292 0.0018321829455030247 0 1.6730999999998322
14 9 1.6739566677229967 0.0017433322768352078 0 1.6764999999998318
15 9 1.6796423292779865 0.0017576707218447396 0 1.6821999999998312
18 6 1.7056234278499391 0.001776572149889244 0 1.7081999999998283
16 4 1.7315054883528966 0.001794511646928898 1 1.7340999999998254
18 5 1.7606741890801798 0.001825810919642512 0 1.7632999999998222
27 8 1.7763173751045316 0.00178262489528902 0 1.7788999999998205
28 8 1.778517982336149 0.0017820176636713647 0 1.7810999999998203
17 4 1.7910533246348603 0.0017466753649586497 1 1.793599999999819
16 7 1.7989012972472065 0.001798702752611625 0 1.801499999999818
12 2 1.8128578406301417 0.0017421593696749227 0 1.8153999999998165
18 4 1.813377917275518 0.0018220827242985127 1 1.8159999999998164
17 7 1.820143032538233 0.0017569674615827147 0 1.8226999999998157
29 8 1.8236404593727003 0.0017595406271151415 0 1.8261999999998153
18 7 1.826944438811312 0.001755561188502952 0 1.829499999999815
24 0 1.831746738324482 0.001753261675332407 0 1.8342999999998144
19 7 1.8434466577033477 0.0017533422964655099 0 1.8459999999998131
16 9 1.865407140512438 0.0017928594873728443 0 1.8679999999998107
19 5 1.86783460381352 0.0017653961862904577 0 1.8703999999998104
21 3 1.8715697277101135 0.0018302722896965662 0 1.87419999999981
20 5 1.8718695584882492 0.0019304415115608542 0 1.87499999999981
13 2 1.8837462436594354 0.0017537563403733358 0 1.8862999999998087
16 1 1.8854790716306926 0.0018209283691159595 0 1.8880999999998085
19 6 1.8991879347523775 0.0018120652474296062 0 1.901799999999807
14 2 1.9036078685964237 0.0017921314033828573 0 1.9061999999998065
17 9 1.9211485166903006 0.0017514833095040316 0 1.9236999999998046
22 3 1.9227642147975061 0.0017357852022983344 0 1.9252999999998044
20 7 1.9289935443447854 0.0018064556550183575 0 1.9315999999998037
18 9 1.9293128717135317 0.0018871282862720218 0 1.9323999999998036
25 0 1.9320482817572788 0.0017517182425246247 0 1.9345999999998034
15 2 1.946734719528379 0.00176528047142277 0 1.9492999999998017
30 8 1.9483238344756448 0.0017761655241568253 0 1.9508999999998016
23 3 1.9584633796582325 0.0017366203415680737 0 1.9609999999998005
16 2 1.9629049337082667 0.0017950662915333648 0 1.9654999999998
31 8 1.992104713931037 0.0017952860687597827 0 1.9946999999997967
19 9 2.00950118202555 0.0017988179742700616 0 2.0120999999998217
19 4 2.0096593308332293 0.0019406691665913023 1 2.0123999999998223
17 1 2.0127571433987477 0.0017428566010790902 0 2.0152999999998285
20 4 2.0134287835189983 0.0017712164808298958 1 2.01599999999983
26 0 2.0234129952634956 0.0017870047363537367 0 2.025999999999851
18 1 2.0333114681916364 0.0017885318082337953 0 2.035899999999872
32 8 2.0372630267192418 0.001736973280636711 0 2.03979999999988
21 7 2.044725731366623 0.0017742686332713475 0 2.047299999999896
20 9 2.044867885733895 0.001932114265999818 0 2.0479999999998975
19 1 2.0554095090370903 0.0017904909628265742 0 2.0579999999999186
27 0 2.060227910158008 0.0017720898419191222 0 2.0627999999999287
21 9 2.0695100336057726 0.0017899663941740585 0 2.0720999999999483
17 2 2.069847749023589 0.0017522509763581162 0 2.07279999999995
18 2 2.070205517311414 0.0013944826885334827 0 2.07279999999995
21 5 2.070398606551739 0.0018013934482095095 0 2.0735999999999515
24 3 2.080670651055427 0.0018293489445433408 0 2.083299999999972
21 4 2.0833724378776757 0.0018275621223002858 1 2.0859999999999776
20 6 2.092837168667372 0.0017628313326238931 0 2.0953999999999975
20 1 2.094944277894399 0.001755722105601265 0 2.097500000000002
22 7 2.099441353647214 0.0017586463527958784 0 2.1020000000000114
22 4 2.10651615068267 0.0017838493173547576 1 2.1091000000000264
22 9 2.110959857077118 0.0017401429229160215 0 2.1135000000000357
23 4 2.11796718300373 0.0018328169963188756 1 2.1206000000000507
19 2 2.1208007547352556 0.001799245264799243 0 2.1234000000000566
23 9 2.132719873373697 0.0017801266263828275 0 2.1353000000000817
24 4 2.1338900115421042 0.0018099884579783065 1 2.136500000000084
23 7 2.1341008736118945 0.0017991263881884656 0 2.1367000000000846
21 1 2.13447633141078 0.0018236685893038285 0 2.137400000000086
24 7 2.1371250571908047 0.0017749428092845854 0 2.139700000000091
25 3 2.1390080666561673 0.001791933343926022 0 2.141600000000095
21 6 2.1619366569569807 0.0017633430431609476 0 2.1645000000001433
22 5 2.169222042887924 0.0017779571122331639 0 2.1718000000001587
24 9 2.173080601248185 0.001819398751980117 0 2.175700000000167
25 7 2.1767334491084833 0.0017665508916895334 0 2.1793000000001745
26 3 2.2137296571757963 0.0017703428244546515 0 2.2163000000002526
26 7 2.217656793352032 0.0017432066482272468 0 2.220200000000261
25 4 2.246245781473996 0.0017542185263237364 1 2.248800000000321
20 2 2.247213708723611 0.0017862912767108163 0 2.2498000000003233
33 8 2.2543832243315602 0.0018167756687765824 0 2.2570000000003385
26 4 2.2680669947871555 0.0018330052132102814 1 2.2707000000003674
27 3 2.274212364000989 0.0017876359993898028 0 2.2768000000003803
23 5 2.2913642593129837 0.0017357406874309866 0 2.2939000000004164
28 3 2.2962418080668496 0.0017581919335754037 0 2.2988000000004267
28 0 2.3015308167070723 0.0017691832933639517 0 2.304100000000438
22 6 2.302344194349989 0.0017558056504487496 0 2.3049000000004396
22 1 2.311319785523669 0.0017802144767880002 0 2.3139000000004586
23 1 2.329174965763509 0.0018250342369858785 0 2.3318000000004964
27 4 2.3312824336818094 0.0018175663186896784 1 2.333900000000501
27 7 2.335279559641452 0.0018204403590553753 0 2.3379000000005092
29 0 2.338478025130016 0.0018219748704981775 0 2.341100000000516
24 5 2.3397180587930126 0.0017819412075041896 0 2.3423000000005185
24 1 2.364635312375933 0.0017646876246364407 0 2.367200000000571
21 2 2.387721475199773 0.0017785248008452825 0 2.39030000000062
30 0 2.3885092805542354 0.0017907194463844256 0 2.3911000000006215
31 0 2.394271335416102 0.0018286645845302374 0 2.3969000000006337
28 4 2.4025984614124045 0.0018015385882450552 1 2.4052000000006513
29 3 2.406547806569902 0.0017521934307556108 0 2.4091000000006595
28 7 2.4357232170895715 0.0017767829111479116 0 2.438300000000721
25 1 2.446831283783104 0.0017687162176387439 0 2.4494000000007445
23 6 2.4485039697817257 0.00179603021902075 0 2.451100000000748
29 4 2.452017996937059 0.0017820030636950257 1 2.4546000000007555
30 3 2.455815815574508 0.001784184426254054 0 2.4584000000007635
32 0 2.457786981513013 0.0018130184877529487 0 2.4604000000007678
34 8 2.467767308279071 0.0018326917217161842 0 2.470400000000789
24 6 2.4779555774458393 0.001744422554969205 0 2.48050000000081
31 3 2.478855093598021 0.001744906402789237 0 2.481400000000812
25 5 2.480582422357268 0.0018175776435462865 0 2.483200000000816
35 8 2.4852490850023354 0.0017509149984884509 0 2.4878000000008256
32 3 2.486044490454116 0.001755509546709444 0 2.4886000000008273
33 3 2.489414401841947 0.0017855981588859038 0 2.4920000000008344
25 6 2.4924439943512997 0.0017560056495393717 0 2.4950000000008408
26 5 2.4993673290111045 0.0018326709897493743 0 2.5020000000008555
36 8 2.512212898311782 0.0017871016890986802 0 2.5148000000008826
26 6 2.5155863098750766 0.0018136901258114513 0 2.5182000000008897
27 6 2.5300898002530285 0.0018101997478900955 0 2.5327000000009203
30 4 2.536209244523452 0.001790755477479422 1 2.538800000000933
22 2 2.556261328066236 0.0017386719347376456 0 2.5588000000009754
26 1 2.5564681771629867 0.0018318228379876622 0 2.559500000000977
34 3 2.5630629647757317 0.001737035225256367 0 2.5656000000009898
28 6 2.5803945310548992 0.0018054689461255435 0 2.5830000000010265
37 8 2.5857221030640245 0.0017778969370114694 0 2.5883000000010377
29 7 2.6205368141034775 0.0017631858976319137 0 2.623100000001111
27 1 2.6353785851383558 0.0018214148627850868 0 2.6380000000011425
25 9 2.6929458493287974 0.0017541506724647604 0 2.695500000001264
29 6 2.693335512177191 0.001764487824071903 0 2.6962000000012654
26 9 2.7084015522172167 0.0017984477840782276 0 2.7110000000012966
28 1 2.7108198399815397 0.001780160019760224 0 2.7134000000013017
27 5 2.725090063866996 0.0018099361343342224 0 2.727700000001332
30 6 2.7299566830680426 0.0017433169332976561 0 2.732500000001342
27 9 2.740226030837608 0.0017739691637541632 0 2.7428000000013637
35 3 2.767858832838941 0.0017411671624794067 0 2.770400000001422
31 4 2.7745865763450293 0.0018134236564053552 1 2.7772000000014363
28 9 2.782429973009861 0.0017700269915899014 0 2.7850000000014528
38 8 2.80504058051393 0.0017594194875689695 0 2.8076000000015005
36 3 2.8082105841400233 0.0017894158614821798 0 2.810800000001507
39 8 2.8127114386089507 0.0017885613925643362 0 2.8153000000015167
29 1 2.844180860159051 0.0018191398425306815 0 2.846800000001583
28 5 2.85361588922277 0.0017841107788312272 0 2.856200000001603
32 4 2.855132328079205 0.0018676719223997829 1 2.8578000000016064
30 1 2.861365641683571 0.0017343583180466915 0 2.8639000000016193
23 2 2.8705143116925034 0.001785688309133615 0 2.8731000000016387
31 6 2.8727812798154617 0.0018187201861801228 0 2.8754000000016435
29 9 2.8821655338893786 0.0017344661122828953 0 2.884700000001663
33 0 2.885998262700448 0.0018017373012217952 0 2.8886000000016714
29 5 2.8970409997807423 0.0017590002209506572 0 2.8996000000016946
33 4 2.9121604104484806 0.0017395895532441585 1 2.9147000000017265
30 9 2.912558301844076 0.0017416981576494628 0 2.9151000000017273
34 4 2.91817377179531 0.00182622820642786 1 2.9208000000017393
32 6 2.9675544368664086 0.0017455631354330592 0 2.9701000000018434
37 3 2.9837739019674725 0.0018260980344035893 0 2.9864000000018778
31 1 2.996492603563996 0.0018073964379068386 0 2.9991000000019046
35 4 2.9973648759752116 0.001735124026692958 1 2.9999000000019063
30 7 3.0088209869261524 0.0017790130757764366 0 3.0114000000019305
38 3 3.021652349508964 0.001747650492991859 0 3.0242000000019575
32 1 3.0562821696043736 0.0018178303976554844 0 3.0589000000020308
24 2 3.057244734643469 0.0017552653585619638 0 3.0598000000020327
30 5 3.0704174122992605 0.0017825877027983772 0 3.0730000000020605
33 6 3.0707038001867875 0.0017961998152720149 0 3.073700000002062
33 1 3.0771746474013857 0.001825352600687502 0 3.079800000002075
40 8 3.0855911497643813 0.0018088502377096027 0 3.0882000000020926
39 3 3.0873695048820733 0.0018304951200214248 0 3.0900000000020964
34 1 3.092853238143162 0.0017467618589441791 0 3.095400000002108
34 0 3.117368182999518 0.0018318170026399017 0 3.1200000000021597
31 7 3.147540577698885 0.0017594223033365886 0 3.1501000000022232
35 1 3.1555424673926242 0.0017575326096141985 0 3.15810000000224
31 9 3.1812273512565703 0.0017726487457223605 0 3.1838000000022944
41 8 3.2017057865387755 0.0017942134635604567 0 3.2043000000023376
32 7 3.240202451375914 0.0017975486265031648 0 3.242800000002419
32 9 3.244872628229353 0.0018273717730741268 0 3.2475000000024288
31 5 3.262688597103709 0.0018114028987556985 0 3.2653000000024663
42 8 3.2662008774804905 0.0017991225219815554 0 3.2688000000024737
36 1 3.268898946142655 0.0018010538598227654 0 3.2715000000024794
37 1 3.281595487351571 0.0018045126509336207 0 3.2842000000025062
43 8 3.291483271745784 0.0018167282567413956 0 3.294100000002527
44 8 3.2959026632875923 0.0017973367149424213 0 3.2985000000025364
25 2 3.30229565183559 0.0018043481669582917 0 3.30490000000255
36 4 3.3087988993519737 0.0018011006505882499 1 3.3114000000025636
45 8 3.315735604653825 0.0017643953487516129 0 3.318300000002578
46 8 3.3209794363783485 0.0018205636242392131 0 3.3236000000025894
33 9 3.342842436578126 0.0017575634245075022 0 3.3454000000026354
47 8 3.3530847533430284 0.0018152466596270678 0 3.355700000002657
35 0 3.3544137323707472 0.0017862676319109205 0 3.35700000000266
26 2 3.3643755533337627 0.0018244466689165684 0 3.367000000002681
27 2 3.3831180161996937 0.0017819838030250779 0 3.3857000000027204
34 6 3.3856581582900134 0.0017418417127106345 0 3.3882000000027257
36 0 3.398965692210601 0.001734307792151224 0 3.4015000000027538
33 7 3.3998371140630503 0.00176288593970364 0 3.4024000000027557
35 6 3.4111378968407613 0.0017621031620165262 0 3.4137000000027795
32 5 3.433566366544607 0.0017336334582180868 0 3.436100000002827
34 9 3.434521517756242 0.0017784822465851668 0 3.437100000002829
35 9 3.4367828653418084 0.0018171346610236228 0 3.4394000000028337
33 5 3.4381282648168727 0.0017717351859620756 0 3.4407000000028365
37 0 3.443201139596283 0.001798860406562408 0 3.4458000000028473
36 6 3.444556727915832 0.001743272087016301 0 3.44710000000285
28 2 3.4455050093801085 0.00179499062274191 0 3.448100000002852
34 5 3.4490216525590154 0.0017783474438424207 0 3.4516000000028595
37 4 3.470536289815988 0.001763710186915013 1 3.473100000002905
36 9 3.4970785318220896 0.0018214681808697009 0 3.499700000002961
38 1 3.4988025187778513 0.0017974812251115857 0 3.5014000000029646
29 2 3.523939937583842 0.0017600624191738135 0 3.5265000000030176
37 9 3.527358808845668 0.0017411911573548267 0 3.5299000000030247
40 3 3.539876441217293 0.0018235587857566848 0 3.5425000000030513
38 4 3.5463743067090445 0.0018256932940188264 1 3.549000000003065
39 4 3.56293130885276 0.0017686911503380642 1 3.5655000000031
37 6 3.5678454959678927 0.0017545040352158203 0 3.57040000000311
40 4 3.5778338756868235 0.0017661243163060725 1 3.5804000000031313
41 4 3.581817605061268 0.001782394941870269 1 3.5844000000031397
38 0 3.5940518522733185 0.0017481477298453285 0 3.5966000000031655
39 1 3.602659479600217 0.0017405204029650179 0 3.6052000000031836
38 6 3.6035289073098298 0.0017710926933540705 0 3.6061000000031855
39 6 3.607530277617629 0.001769722385563277 0 3.610100000003194
48 8 3.6231769269912446 0.0018230730119808136 0 3.625800000003227
35 5 3.628168901208991 0.001831098794244923 0 3.6308000000032377
30 2 3.637296756162371 0.00180324384088415 0 3.639900000003257
42 4 3.644026841090928 0.0017731589123415326 1 3.646600000003271
49 8 3.66831244464091 0.0017875553624104867 0 3.6709000000033223
31 2 3.6714253489365314 0.0017746510667957516 0 3.674000000003329
38 9 3.677369864177899 0.0018301358254406708 0 3.6800000000033415
39 9 3.678154517840311 0.001045482163028577 0 3.6800000000033415
43 4 3.680819651822087 0.0017803481812599387 1 3.6834000000033487
34 7 3.6847857868592393 0.001814213144116117 0 3.687400000003357
40 9 3.6900782558274603 0.0018217441759063036 0 3.6927000000033683
50 8 3.7000427206528537 0.0017572793505338247 0 3.702600000003389
41 9 3.7183947677563722 0.0018052322470540894 0 3.721000000003428
32 2 3.7198608028854037 0.001739197118025615 0 3.722400000003431
39 0 3.7208269715099704 0.0017730284934609486 0 3.723400000003433
33 2 3.7461802727843323 0.0018197272191526892 0 3.7488000000034867
42 9 3.751203895314954 0.0017961046885415222 0 3.7538000000034972
40 1 3.7533025977995704 0.0017974022039295434 0 3.7559000000035017
44 4 3.7534405526030516 0.001959447400448955 1 3.7562000000035023
45 4 3.7579394163222894 0.0017605836812202291 1 3.7605000000035114
46 4 3.758387017365166 0.0013129826383435628 1 3.7605000000035114
47 4 3.77212045613577 0.001779543867769462 1 3.7747000000035413
43 9 3.7807551805536197 0.0017448194499380953 0 3.7833000000035595
41 3 3.791195925725447 0.0018040742781328944 0 3.7938000000035816
35 7 3.807365493336623 0.0017345066669909315 0 3.8099000000036156
48 4 3.820707070181469 0.0017929298221730505 1 3.823300000003644
40 6 3.852278398496629 0.001821601507079773 0 3.8549000000037106
36 5 3.8565481328126343 0.001751867191083445 0 3.8591000000037194
37 5 3.8625425994204936 0.0017574005832368123 0 3.865100000003732
36 7 3.8671571248173153 0.001742875186424797 0 3.869700000003742
37 7 3.8717855432697714 0.00181445673397862 0 3.8744000000037517
34 2 3.8726590569043013 0.0017409430994503872 0 3.8752000000037534
42 3 3.878390556088338 0.0018094439154259234 0 3.8810000000037657
44 9 3.902612595004827 0.0017874049989878849 0 3.9052000000038167
35 2 3.931638355103119 0.0017616449007573642 0 3.934200000003878
43 3 3.953186440974164 0.001813559029757883 0 3.9558000000039235
41 6 3.955445649328477 0.0017543506754496008 0 3.958000000003928
41 1 3.9703691734129727 0.0018308265909854349 0 3.97300000000396
44 3 3.973220254860888 0.0017797451430761058 0 3.9758000000039657
38 5 3.974565581694616 0.001734418309350616 0 3.9771000000039685
45 3 3.9757286530787965 0.0017713469251727787 0 3.978300000003971
38 7 3.976162310357984 0.0017376896459859736 0 3.9790000000039725
49 4 3.982292641964275 0.0018073580397084399 1 3.984900000003985
45 9 3.9824526898325545 0.0017473101714289285 0 3.985000000003985
42 6 4.000496823284133 0.0018031767198776194 0 4.003100000004009
42 1 4.004876198193336 0.0018238018106648823 0 4.007500000003999
50 4 4.007057542380123 0.0017424576238731504 1 4.009600000003994
36 2 4.009037925052283 0.0017620749517082146 0 4.011600000003989
51 4 4.027848549724517 0.0017514502794302444 1 4.0304000000039455
52 4 4.03276944193641 0.0018305580675255229 1 4.035400000003934
46 9 4.077308001831621 0.0017919981722114287 0 4.07990000000383
39 5 4.0774410554216844 0.0020589445821466157 0 4.080700000003828
43 1 4.087732134880424 0.0017678651233836717 0 4.090300000003806
40 5 4.098408516389958 0.0017914836138244183 0 4.101000000003781
37 2 4.102878675337162 0.0018213246666105576 0 4.1055000000037705
53 4 4.119323595958017 0.001776404045717328 1 4.121900000003732
54 4 4.124597168464965 0.0018028315387565996 1 4.12720000000372
39 7 4.134628139361314 0.0017718606423846595 0 4.137200000003697
43 6 4.1429705065273374 0.0018294934763414261 0 4.145600000003677
40 0 4.156621251649244 0.0017787483544031701 0 4.159200000003645
55 4 4.15818549049906 0.0018145095045838389 1 4.160800000003642
44 6 4.164011991681385 0.001788008322244572 0 4.166600000003628
47 9 4.171786842681971 0.0018131573216404462 0 4.17440000000361
46 3 4.17241232821487 0.001787671788740397 0 4.175200000003608
45 6 4.188176629766137 0.0018233702374361727 0 4.190800000003572
40 7 4.20447680673857 0.0018231932649657168 0 4.207100000003534
38 2 4.2138147031791435 0.0017852968243703415 0 4.216400000003512
44 1 4.215800098330287 0.001799901673222415 0 4.218400000003507
45 1 4.256675951364425 0.0018240486389888844 0 4.259300000003412
41 0 4.265455266032037 0.0017447339713569932 0 4.268000000003392
46 6 4.28230157730484 0.0017984226985143792 0 4.284900000003352
47 3 4.285544182371227 0.0017558176321195162 0 4.288100000003345
48 9 4.302602383693343 0.0017976163099637787 0 4.305200000003305
42 0 4.316883749062825 0.0018162509404486826 0 4.319500000003272
47 6 4.321138478233557 0.0017615217697066754 0 4.323700000003262
41 5 4.337425440253139 0.0017745597500864463 0 4.340000000003224
51 8 4.3395814300399 0.0018185699633210817 0 4.342200000003219
39 2 4.344288520630294 0.001811479372915592 0 4.346900000003208
40 2 4.358096085123312 0.0018039148798658644 0 4.360700000003176
52 8 4.360408930888888 0.0017910691142839497 0 4.36300000000317
42 5 4.376487228778974 0.001812771224161125 0 4.379100000003133
53 8 4.435717409470352 0.0017825905326445124 0 4.438300000002995
43 5 4.436121064000385 0.001778936002610365 0 4.439100000002993
48 3 4.437880906008978 0.0018190939940136985 0 4.44050000000299
46 1 4.456835799742945 0.0017642002600029016 0 4.459400000002946
44 5 4.474635726623649 0.0017642733792566645 0 4.477200000002904
56 4 4.483075768787997 0.0018242312148890605 1 4.485700000002884
41 2 4.488083783225301 0.0018162167775734872 0 4.490700000002873
48 6 4.508927633690264 0.00177236631256239 0 4.511500000002824
41 7 4.510838812317332 0.0017611876854894959 0 4.51340000000282
54 8 4.513345149959142 0.0017548500436737058 0 4.515900000002814
42 7 4.539463846534148 0.0017361534686068936 0 4.542000000002753
47 1 4.541035354403072 0.0017646455996791488 0 4.543600000002749
49 3 4.54625888182919 0.001741118173549161 0 4.548800000002737
48 1 4.54685642575916 0.001743574243577406 0 4.5496000000027355
55 8 4.557240769980776 0.0017592300219373413 0 4.559800000002712
49 9 4.562940607478193 0.0017593925245069642 0 4.565500000002698
43 7 4.572696742648875 0.0018032573538020458 0 4.575300000002676
50 3 4.581767204438906 0.0018327955637502669 0 4.584400000002654
42 2 4.582182870765932 0.0018171292367235026 0 4.5852000000026525
49 6 4.583664024306673 0.001735975695979164 0 4.58620000000265
44 7 4.587850023231726 0.0017499767709159286 0 4.59040000000264
56 8 4.593688841060228 0.0018111589424005814 0 4.596300000002627
50 6 4.594368529034709 0.0018314709679181362 0 4.597100000002625
45 7 4.596032874106043 0.001867125896580113 0 4.598700000002621
57 4 4.600059832547168 0.0017401674554458069 1 4.602600000002612
50 9 4.600648200441153 0.0017517995614593218 0 4.6032000000026105
51 3 4.602340520202102 0.0017594798005067247 0 4.604900000002607
43 0 4.614134582387118 0.0017654176154628942 0 4.616700000002579
52 3 4.622155819224522 0.0017441807780400609 0 4.62470000000256
44 0 4.624319841907244 0.0017801580953129559 0 4.626900000002555
51 9 4.633180326068517 0.0018196739340190504 0 4.635800000002535
58 4 4.6386048899266665 0.001795110075857309 1 4.641200000002522
45 0 4.665614765379993 0.001785234622468046 0 4.668200000002459
46 7 4.67344932822562 0.0017506717768229763 0 4.676000000002441
52 9 4.674012583273641 0.0017874167288001175 0 4.676800000002439
51 6 4.674970541324602 0.0018294586778369037 0 4.677600000002437
43 2 4.676940851470228 0.0017591485322068223 0 4.679500000002433
47 7 4.6885320082514275 0.0017679917509800802 0 4.691100000002406
46 0 4.693170742543943 0.001829257458453526 0 4.695800000002395
44 2 4.695502528792796 0.0017974712095956136 0 4.698100000002389
45 2 4.698073039202984 0.001826960799401256 0 4.700700000002383
48 7 4.698873590685079 0.0018264093173039342 0 4.701500000002381
47 0 4.707716916006311 0.0017830839960515377 0 4.710300000002361
45 5 4.717156634760144 0.0017433652421967594 0 4.719700000002339
53 3 4.723951326770361 0.0017486732319644815 0 4.726500000002323
54 3 4.726997922599236 0.0018020774030818032 0 4.729600000002316
46 2 4.727122615951623 0.002077384050694242 0 4.730400000002314
57 8 4.733244384559594 0.0017556154427094128 0 4.7358000000023015
55 3 4.764318195956981 0.0017818040452501904 0 4.766900000002229
49 1 4.768475037590518 0.0018249624117032681 0 4.771100000002219
47 2 4.77132064180195 0.00177935820026498 0 4.773900000002213
49 7 4.775003328552963 0.0017966714492425595 0 4.777600000002204
50 7 4.816098996065573 0.0018010039365368158 0 4.818700000002108
58 8 4.821547628778419 0.0017523712236782174 0 4.824100000002096
53 9 4.8275265950413395 0.0017734049607440738 0 4.830100000002082
59 8 4.828794143386223 0.0018058566158574152 0 4.831400000002079
48 2 4.8488837942521394 0.001816205749894273 0 4.851500000002032
50 1 4.854397685489875 0.0018023145121457418 0 4.857000000002019
49 2 4.855619717371755 0.001780282630263308 0 4.858200000002016
52 6 4.859364263188576 0.0017357368134334195 0 4.861900000002008
51 1 4.859576365237548 0.0019236347644602247 0 4.862700000002006
48 0 4.874344226996979 0.001755773004995298 0 4.876900000001973
50 2 4.876128470895963 0.001771529106007641 0 4.8787000000019685
49 0 4.886004741411129 0.001795258590818527 0 4.888600000001945
50 0 4.9148754872264835 0.001824512775396414 0 4.917500000001878
51 0 4.919583234594146 0.001816765407722798 0 4.922200000001867
54 9 4.929498939478587 0.0018010605232587906 0 4.932100000001844
60 8 4.9295420070550025 0.0021579929468424908 0 4.932900000001842
46 5 4.941955182644843 0.001744817356973627 0 4.944500000001815
52 1 4.944408460088261 0.0017915399135501886 0 4.947000000001809
56 3 4.950231467042573 0.0017685329592245225 0 4.952800000001796
61 8 4.956589065407799 0.0018109345939834043 0 4.959200000001781
51 7 4.963197331887643 0.0018026681141245504 0 4.9658000000017655
52 7 4.968959846521168 0.001740153480586315 0 4.971500000001752
