#11 ONUs
# id src init_time waited_time freq processed_time
0 6 0.011239235549149589 0.001760764450850388 0 0.013799999999999972
0 1 0.015543263567307846 0.0017567364326921044 0 0.018099999999999946
0 5 0.022367694022092106 0.0018323059779078027 0 0.024999999999999904
0 9 0.02303597061271747 0.0017640293872824356 0 0.0257999999999999
0 4 0.02653648461358072 0.0017635153864191642 0 0.02909999999999988
0 0 0.026661048860967883 0.0020389511390319984 0 0.029899999999999875
0 10 0.027666104668263563 0.0017338953317363147 0 0.03059999999999987
1 1 0.03636476761140727 0.001735232388592793 0 0.03890000000000009
1 6 0.05373398742573146 0.0017660125742691019 0 0.056300000000000586
1 10 0.055769150609137084 0.0018308493908635384 0 0.058400000000000646
2 1 0.05706987181936886 0.0018301281806318015 0 0.05970000000000068
1 9 0.08356448175167747 0.00173551824832395 0 0.08610000000000144
0 3 0.09175297175841945 0.0017470282415821964 0 0.09430000000000167
3 1 0.10133729846434819 0.001762701535653735 0 0.10390000000000195
2 6 0.11346941366144035 0.0018305863385619237 0 0.1161000000000023
1 4 0.11556986164463959 0.0018301383553627482 0 0.11820000000000236
3 6 0.1186500723839323 0.0017499276160701238 0 0.12120000000000244
1 5 0.12816204092554948 0.0017379590744525386 0 0.13070000000000193
2 5 0.13120014479313233 0.001799855206869344 0 0.13380000000000158
1 3 0.13840508747374092 0.001794912526259962 0 0.1410000000000008
0 8 0.1459280976682634 0.0017719023317366578 0 0.14849999999999997
0 7 0.16125064455043836 0.0017493554495600083 1 0.16379999999999828
1 8 0.16515054393480583 0.001749456065192112 0 0.16769999999999785
2 10 0.16618235993764247 0.0018176400623553524 0 0.16879999999999773
4 1 0.1678396187865471 0.0017603812134505403 0 0.17039999999999755
2 9 0.17407692260894547 0.0018230773910514753 0 0.17669999999999686
1 7 0.19022878722869108 0.0017712127713040982 1 0.1927999999999951
2 4 0.19127935253208722 0.0018206474679078322 0 0.19389999999999497
4 6 0.19562698346759738 0.001773016532397198 0 0.1981999999999945
2 7 0.23618102978150118 0.0018189702184889245 1 0.23879999999999002
3 9 0.2382575435880233 0.0017424564119665753 0 0.2407999999999898
3 5 0.243711357798445 0.0017886422015442882 0 0.2462999999999892
3 7 0.25258901407412276 0.001810985925865538 1 0.2551999999999882
2 8 0.2575688520243883 0.0018311479755994675 0 0.26019999999998766
3 4 0.26634718348113307 0.0017528165188537281 0 0.2688999999999867
5 6 0.2700794650682568 0.0018205349317295672 0 0.2726999999999863
4 7 0.2821098960294425 0.001790103970542578 1 0.28469999999998497
5 1 0.28724993462807147 0.0017500653719130232 0 0.2897999999999844
1 0 0.3256506788116969 0.0017493211882833593 0 0.3281999999999802
2 0 0.3522917847087975 0.0018082152911798044 0 0.35489999999997723
5 7 0.36571184089423237 0.001788159105743481 1 0.36829999999997576
6 6 0.3788425802227887 0.001757419777185687 0 0.3813999999999743
3 0 0.38352346546848304 0.0017765345314908476 0 0.3860999999999738
3 8 0.38444152418682787 0.001758475813145921 0 0.3869999999999737
6 7 0.38668018470013843 0.0018198152998351036 1 0.38929999999997345
7 7 0.40069912186952894 0.001800878130443051 1 0.4032999999999719
6 1 0.41489170097224076 0.0018082990277296651 0 0.41749999999997034
4 5 0.41643908208383895 0.0018609179161312994 0 0.41909999999997016
4 9 0.43053472146746274 0.001765278532505965 0 0.4330999999999686
7 6 0.44834672174089657 0.001753278259070179 0 0.45089999999996666
5 5 0.4654859978356233 0.0018140021643415771 0 0.46809999999996477
3 10 0.4784364963089022 0.0017635036910612079 0 0.48099999999996335
8 7 0.4793368178420824 0.0017631821578809603 1 0.48189999999996325
4 10 0.48376578925223024 0.0017342107477326119 0 0.48629999999996276
5 10 0.4856048846979987 0.0017951153019639676 0 0.48819999999996255
9 7 0.48570946847218566 0.00209053152777694 1 0.4884999999999625
4 8 0.4965897403123368 0.0018102596876246047 0 0.49919999999996134
4 0 0.4987214918022198 0.0017785081977413908 0 0.5012999999999611
5 9 0.5083417031901719 0.001758296809788229 0 0.51089999999996
0 2 0.5198276638509555 0.0017723361490034062 1 0.5223999999999588
6 10 0.5208817471754036 0.0018182528245551666 0 0.5234999999999587
2 3 0.5223754219788592 0.0019245780210993546 0 0.5250999999999585
7 1 0.5385705717238094 0.0018294282761474046 0 0.5411999999999567
6 5 0.5588999661793351 0.00180003382061944 0 0.5614999999999545
6 9 0.5676584174249841 0.0017415825749694802 0 0.5701999999999535
10 7 0.5743635667764213 0.0017364332235315638 1 0.5768999999999528
8 1 0.5774852836959536 0.0018147163039988756 0 0.5800999999999524
1 2 0.5786709299157944 0.001829070084158002 1 0.5812999999999523
7 5 0.5978364841749821 0.0017635158249681426 0 0.6003999999999502
3 3 0.598640046746409 0.0017599532535411688 0 0.6011999999999501
2 2 0.6009286524244467 0.0017713475755032349 1 0.6034999999999499
5 8 0.607188865025442 0.0018111349745072447 0 0.6097999999999492
7 9 0.6193071311362367 0.0017928688637112167 0 0.6218999999999478
6 8 0.6342608264935896 0.0017391735063566616 0 0.6367999999999462
8 9 0.6390831093932365 0.0018168906067091983 0 0.6416999999999456
3 2 0.6436393768906061 0.00176062310933911 1 0.6461999999999452
9 9 0.6496225693381348 0.001777430661809798 0 0.6521999999999445
4 4 0.6618858853462083 0.0018141146537349329 0 0.6644999999999431
7 8 0.6628425577345955 0.0017574422653475752 0 0.665399999999943
5 4 0.6785735427473907 0.0018264572525507061 0 0.6811999999999413
11 7 0.6895471880126511 0.001752811987289049 1 0.6920999999999401
8 5 0.7123351217294216 0.0017648782705160793 0 0.7148999999999376
9 5 0.7169051664092269 0.0017948335907103097 0 0.7194999999999371
8 8 0.7224744622322192 0.0018255377677173223 0 0.7250999999999365
9 1 0.7361031713583617 0.001796828641573378 0 0.738699999999935
5 0 0.7384147079185961 0.0017852920813387074 0 0.7409999999999347
6 0 0.7443102943065028 0.0017897056934313982 0 0.7468999999999341
4 2 0.7495302056577314 0.0017697943422021467 1 0.7520999999999335
7 0 0.7631411369397814 0.0017588630601507171 0 0.765699999999932
5 2 0.765930674653833 0.001769325346098749 1 0.7684999999999317
12 7 0.7694713908174347 0.001828609182496721 1 0.7720999999999313
8 0 0.7825823655884225 0.0018176344115073961 0 0.7851999999999298
6 2 0.7942240120996161 0.0017759879003125256 1 0.7967999999999286
8 6 0.8052112461769239 0.001788753823003586 0 0.8077999999999274
10 9 0.8089724854908511 0.0018275145090759226 0 0.8115999999999269
9 8 0.8294510704863755 0.0017489295135493244 0 0.8319999999999247
7 10 0.8309066136621117 0.0018933863378128857 0 0.8335999999999245
9 0 0.8368400053454883 0.0017599946544356593 0 0.8393999999999239
10 1 0.8447860120465958 0.0018139879533273229 0 0.847399999999923
10 8 0.8521461685496641 0.001753831450258203 0 0.8546999999999222
11 8 0.8794065949248079 0.0017934050751113872 0 0.8819999999999192
9 6 0.88629372270957 0.0018062772903485458 0 0.8888999999999184
11 9 0.9090474211161732 0.0017525788837428058 0 0.9115999999999159
11 1 0.9139441065787136 0.0017558934212018595 0 0.9164999999999154
4 3 0.9227023455103154 0.0017976544895991209 0 0.9252999999999144
13 7 0.9438912791672611 0.001808720832651045 1 0.9464999999999121
7 2 0.9628510346826111 0.001748965317298956 1 0.96539999999991
10 6 0.9663031137645076 0.0017968862354020843 0 0.9688999999999096
14 7 0.9670551531073108 0.0017448468925987948 1 0.9695999999999095
12 9 0.9665590177017586 0.001940982298151095 0 0.9696999999999095
15 7 0.991263918240115 0.0017360817597920075 1 0.9937999999999069
12 1 0.9946001936191801 0.0017998063807265208 0 0.9971999999999065
16 7 0.9982792000157387 0.0018207999841676203 1 1.0008999999999062
12 8 1.0097639177292477 0.0017360822706573575 0 1.012299999999905
17 7 1.0100382655979654 0.0018617344019395965 1 1.012599999999905
13 8 1.0156120110831435 0.0017879889167609075 0 1.0181999999999043
6 4 1.0233201115854331 0.0017798884144704097 0 1.0258999999999034
10 0 1.0465102683812717 0.0017897316186292755 0 1.049099999999901
10 5 1.0635507418673402 0.001749258132558884 0 1.066099999999899
13 1 1.0709141396235453 0.0017858603763529768 0 1.0734999999998982
11 6 1.084523344218194 0.0017766557817027184 0 1.0870999999998967
14 1 1.0877988022029255 0.0018011977969709658 0 1.0903999999998963
5 3 1.0965354858411558 0.0017645141587396829 0 1.0990999999998954
14 8 1.1356322923965354 0.0017677076033557615 0 1.138199999999891
15 1 1.145660511123945 0.0017394888759449945 0 1.14819999999989
6 3 1.1505388000188166 0.0017611999810729362 0 1.1530999999998894
8 2 1.173392866236498 0.001807133763388924 1 1.175999999999887
11 5 1.1999784866619394 0.001821513337944669 0 1.202599999999884
16 1 1.2003236854950876 0.001876314504796417 0 1.203399999999884
13 9 1.209111759777192 0.0017882402226909733 0 1.211699999999883
9 2 1.2362235397126307 0.0017764602872494262 1 1.23879999999988
7 3 1.2385114289760524 0.0017885710238274566 0 1.2410999999998797
15 8 1.2396407411881778 0.0017592588117019137 0 1.2421999999998796
11 0 1.2456115812425086 0.001788418757370458 0 1.248199999999879
17 1 1.249327652130608 0.0017723478692706074 0 1.2518999999998786
18 7 1.2601826120346051 0.0018173879652723102 1 1.2627999999998774
14 9 1.2634174149522548 0.0017825850476222982 0 1.265999999999877
12 0 1.2644987818033977 0.0018012181964792706 0 1.2670999999998769
18 1 1.272510618744574 0.001789381255302036 0 1.275099999999876
12 6 1.2777004663413911 0.001799533658484398 0 1.2802999999998754
19 7 1.286381232378499 0.00181876762137545 1 1.2889999999998745
19 1 1.2865065051350977 0.0017934948647768678 0 1.2890999999998745
20 7 1.2888645130403151 0.0017354869595591627 1 1.2913999999998742
16 8 1.292002161033437 0.0017978389664370376 0 1.2945999999998739
8 3 1.3026816828845131 0.0018183171153596245 0 1.3052999999998727
10 2 1.3064325216460568 0.0017674783538155214 1 1.3089999999998723
8 10 1.3135080657512206 0.0017919342486509837 0 1.3160999999998715
13 6 1.3179365217804397 0.001763478219431347 0 1.320499999999871
17 8 1.3372133755703404 0.0017866244295285938 0 1.3397999999998689
7 4 1.3407705282060143 0.001829471793854287 0 1.3433999999998685
11 2 1.3502615007966283 0.0017384992032392077 1 1.3527999999998674
12 2 1.3722753611522345 0.001824638847630622 1 1.374899999999865
9 10 1.395168533419831 0.0018314665800316376 0 1.3977999999998625
13 2 1.4010553277312274 0.0017446722686345062 1 1.4035999999998618
12 5 1.4030649543314506 0.0017350456684110949 0 1.4055999999998616
10 10 1.4091284490169795 0.001771550982881509 0 1.411699999999861
14 2 1.4111160225766968 0.0017839774231640515 1 1.4136999999998607
13 5 1.426385408849159 0.001814591150700151 0 1.428999999999859
13 0 1.438673118130953 0.0018268818689046729 0 1.4412999999998577
9 3 1.4459920789381209 0.0018079210617361063 0 1.448599999999857
14 0 1.4527986153885704 0.0018013846112858722 0 1.4553999999998561
15 2 1.4567890801422558 0.0018109198575999574 1 1.4593999999998557
10 3 1.460388312923245 0.001811687076610502 0 1.4629999999998553
11 10 1.4618409581509162 0.001759041848939047 0 1.4643999999998552
16 2 1.4648134731451536 0.0017865268547012647 1 1.4673999999998548
8 4 1.4726411309417176 0.0017588690581364919 0 1.475199999999854
11 3 1.48814994522412 0.0017500547757323126 0 1.4906999999998523
18 8 1.4998551354663427 0.0017448645335083057 0 1.502399999999851
15 9 1.5114207159740343 0.0017792840258155085 0 1.5139999999998497
14 5 1.5157317865727 0.0017682134271492789 0 1.5182999999998492
12 3 1.523096692165586 0.0018033078342625242 0 1.5256999999998484
12 10 1.5720766313128234 0.0018233686870197108 0 1.574699999999843
20 1 1.5744145606634676 0.0017854393363752052 0 1.5769999999998427
16 9 1.5768831016782512 0.0018168983215913759 0 1.5794999999998425
13 10 1.5856539309377091 0.0017460690621324826 0 1.5881999999998415
13 3 1.5985578264225868 0.0017421735772533697 0 1.60109999999984
14 3 1.6370811321385517 0.001818867861284268 0 1.6396999999998358
14 6 1.6383190879381786 0.0017809120616572027 0 1.6408999999998357
15 6 1.6528834525742995 0.0018165474255347203 0 1.655499999999834
19 8 1.6573259154184705 0.001774084581363189 0 1.6598999999998336
9 4 1.6595509613960446 0.0017490386037888328 0 1.6620999999998334
17 2 1.6645811127026247 0.0018188872972082493 1 1.6671999999998328
14 10 1.6657124210532366 0.0017875789465962022 0 1.6682999999998327
20 8 1.665964989728348 0.0019350102714847939 0 1.6690999999998326
18 2 1.6725134816875977 0.0017865183122343087 1 1.675099999999832
15 3 1.6854657337750794 0.0017342662247512575 0 1.6879999999998305
21 8 1.6920156377614468 0.0017843622383830748 0 1.6945999999998298
15 0 1.7056329379648738 0.0017670620349545807 0 1.7081999999998283
17 9 1.7064685646863291 0.0018314353134991634 0 1.7090999999998282
10 4 1.70710105678636 0.0018989432134681739 0 1.7098999999998281
15 5 1.7263157729805392 0.0017842270192869325 0 1.728899999999826
16 6 1.7510063850636854 0.0017936149361379439 0 1.7535999999998233
21 7 1.75466399278667 0.0017360072131529236 1 1.757199999999823
22 8 1.7547141746761843 0.00178582532363869 0 1.757299999999823
16 5 1.7722301373891947 0.0017698626106263937 0 1.774799999999821
11 4 1.7741157607561415 0.0017842392436793197 0 1.7766999999998208
18 9 1.783783170796014 0.0018168292038058809 0 1.7863999999998197
17 6 1.7908764740671 0.0018235259327190612 0 1.793499999999819
21 1 1.797474155942942 0.0018258440568763579 0 1.8000999999998182
19 2 1.8013828236612592 0.0018171763385586015 1 1.8039999999998177
18 6 1.8151170773576164 0.0017829226421999245 0 1.8176999999998162
22 7 1.820546136094307 0.0017538639055088012 1 1.8230999999998156
15 10 1.821104053135702 0.0017959468641137732 0 1.8236999999998156
16 3 1.8241814460781451 0.0018185539216701851 0 1.8267999999998152
23 8 1.8278555295979895 0.0017444704018254598 0 1.8303999999998148
16 0 1.8282582657825603 0.0017417342172545425 0 1.8311999999998148
19 6 1.8307594913300498 0.0017405086697648287 0 1.8332999999998145
24 8 1.8394598216002116 0.0017401783996020548 0 1.8419999999998136
17 0 1.8400359018400427 0.001764098159770855 0 1.8427999999998135
20 6 1.8554434287755701 0.0017565712242417764 0 1.8579999999998118
22 1 1.8594837266806088 0.0018162733192026437 0 1.8620999999998114
23 1 1.8856705352268925 0.0018294647729160118 0 1.8882999999998085
19 9 1.9109084112268533 0.0017915887729524904 0 1.9134999999998057
21 6 1.918359219621396 0.0017407803784088571 0 1.9208999999998049
20 2 1.9497461696220313 0.0017538303777702158 1 1.9522999999998014
23 7 1.982582492645212 0.0018175073545858567 1 1.9851999999997978
21 2 1.9890358329496345 0.0017641670501626905 1 1.991599999999797
17 3 2.0030044971891665 0.001795502810639782 0 2.005599999999808
25 8 2.0325781740125177 0.0018218259873510334 0 2.0351999999998704
20 9 2.03738861768675 0.0018113823131287177 0 2.0399999999998806
18 0 2.0646110216456264 0.0017889783543099114 0 2.067199999999938
22 2 2.068169860564283 0.0018301394356607936 1 2.0707999999999456
18 3 2.0718561189341975 0.0017438810657539605 0 2.074399999999953
16 10 2.0829620429586457 0.0017379570413291745 0 2.0854999999999766
24 7 2.0966259210225675 0.0017740789774363108 1 2.0992000000000055
21 9 2.098796747896951 0.0018032521030573179 0 2.10140000000001
12 4 2.1095713766451007 0.001828623354930503 0 2.112200000000033
26 8 2.1121697129898687 0.0018302870101680746 0 2.1148000000000384
22 9 2.1254356352418386 0.0017643647582259447 0 2.1280000000000663
23 2 2.13005853434196 0.0017414656581142829 1 2.132600000000076
17 5 2.132753282964928 0.0017467170351519457 0 2.1353000000000817
24 1 2.149064851119739 0.0017351488803751813 0 2.151600000000116
25 1 2.149100340584897 0.001699659415217436 0 2.151600000000116
27 8 2.161428712122433 0.001771287877707639 0 2.1640000000001423
19 3 2.170403861120837 0.0017961388793223954 0 2.1730000000001612
28 8 2.200631155935884 0.0017688440643390813 0 2.203200000000225
26 1 2.20269583360583 0.0018041663943977326 0 2.2053000000002294
19 0 2.217322934513955 0.0017770654863036306 0 2.21990000000026
20 3 2.2280181662506275 0.0017818337496535719 0 2.230600000000283
23 9 2.242797579825932 0.0018024201743802593 0 2.245400000000314
21 3 2.25255381755173 0.0017461824486026956 0 2.2551000000003345
25 7 2.254630282603287 0.001769717397050119 1 2.257200000000339
26 7 2.2568586314177614 0.0017413685825804492 1 2.2594000000003436
27 7 2.259119847405644 0.0017801525947027663 1 2.2617000000003484
22 6 2.2665733254994347 0.0018266745009278829 0 2.2692000000003643
13 4 2.2684361006675804 0.0017638993327859787 0 2.271000000000368
22 3 2.2843805356490203 0.001819464351379807 0 2.287000000000402
23 6 2.2972747576017065 0.0018252423987208388 0 2.299900000000429
23 3 2.304172829705003 0.0018271702954391067 0 2.3068000000004436
17 10 2.3207666526101844 0.0017333473902922947 0 2.3233000000004784
20 0 2.3260654624724992 0.0017345375279886888 0 2.3286000000004896
24 3 2.327542827300574 0.0018571726999172533 0 2.330200000000493
29 8 2.332726596415796 0.0017734035847061236 0 2.3353000000005038
25 3 2.3377209508706494 0.0017790491298632638 0 2.3403000000005143
18 10 2.3477440239126137 0.001755976087919997 0 2.3503000000005354
30 8 2.3507708876158904 0.0018291123846498891 0 2.353400000000542
24 2 2.354726890786231 0.0017731092143176141 1 2.35730000000055
31 8 2.3654506684253334 0.0017493315752377114 0 2.3680000000005728
26 3 2.3722300168593327 0.0017699831412527622 0 2.374800000000587
24 6 2.3896722390746556 0.0018277609259667038 0 2.392300000000624
25 2 2.3901969740425826 0.001803025958040827 1 2.392800000000625
32 8 2.3935694025675223 0.0018305974331083164 0 2.3962000000006323
26 2 2.4008965422585167 0.0018034577421293108 1 2.4035000000006477
19 10 2.403272528253033 0.0018274717476178814 0 2.4059000000006527
33 8 2.405976624228009 0.001823375772647573 0 2.4086000000006584
14 4 2.406126566207142 0.0019734337935153334 0 2.40930000000066
20 10 2.4061990672395943 0.002300932761063912 0 2.4101000000006616
27 3 2.4134390269487476 0.0017609730519247968 0 2.416000000000674
21 0 2.4179869524479725 0.0018130475527096124 0 2.4206000000006838
28 7 2.439221313490242 0.0017786865104847394 1 2.4418000000007285
34 8 2.456879138805138 0.0018208611956262999 0 2.459500000000766
24 9 2.48063903114407 0.0017609688567441495 0 2.483200000000816
15 4 2.4809575119224996 0.0017424880783152297 0 2.4839000000008173
27 2 2.4895852923846173 0.001814707616215827 1 2.492200000000835
22 0 2.494068036959475 0.001831963041367679 0 2.4967000000008444
35 8 2.516153565914939 0.0017464340859500993 0 2.518700000000891
21 10 2.541404993897796 0.0017950061031464237 0 2.544000000000944
22 10 2.5512239204764575 0.001776079524505647 0 2.553800000000965
23 10 2.5532920839665705 0.0018079160343971168 0 2.5559000000009693
28 3 2.5608704492533416 0.001829550747642017 0 2.5635000000009853
28 2 2.5677965526315534 0.0018034473694448216 1 2.570400000001
29 3 2.56792851771485 0.0017714822861485402 0 2.570500000001
36 8 2.5699501278901837 0.0017498721108188953 0 2.5725000000010043
18 5 2.5793989519163656 0.0018010480846570864 0 2.5820000000010244
19 5 2.584282414422618 0.0018175855784150485 0 2.5869000000010347
37 8 2.5862013807671937 0.0017986192338432794 0 2.5888000000010387
30 3 2.5903013675861297 0.0017986324149159572 0 2.5929000000010474
20 5 2.591779612460965 0.0019203875400841675 0 2.5945000000010507
16 4 2.601586896804488 0.0018131031965813449 0 2.604200000001071
29 7 2.6074180550745036 0.0017819449265781273 1 2.6100000000010835
25 6 2.620964079402018 0.0017359205990921112 0 2.623500000001112
23 0 2.6319937871779895 0.0018062128231441932 0 2.6346000000011354
24 0 2.633362746810857 0.0004372531902765431 0 2.6346000000011354
24 10 2.6322163456827656 0.0018836543183686771 0 2.635300000001137
30 7 2.6337828606985987 0.001817139302538795 1 2.636400000001139
27 1 2.643205690602973 0.0017943093981842573 0 2.645800000001159
17 4 2.6478446657829435 0.0017553342182234921 0 2.6504000000011687
26 6 2.6510386175747835 0.0017613824263902345 0 2.6536000000011755
27 6 2.657420459413818 0.0017795405873690662 0 2.660000000001189
25 9 2.6655481119299984 0.0017518880712059648 0 2.668100000001206
21 5 2.6825004685493825 0.0017995314518577388 0 2.685100000001242
29 2 2.7021410218269892 0.0017589781742923805 1 2.7047000000012833
26 9 2.713825762515492 0.0017742374858142895 0 2.716400000001308
30 2 2.7335882183967986 0.0018117816045495339 1 2.7362000000013498
31 3 2.7337305501032403 0.001769449898108011 0 2.73630000000135
25 0 2.745752375789692 0.001747624211681842 0 2.7483000000013753
22 5 2.7597123360308826 0.0017876639705205477 0 2.762300000001405
32 3 2.7714024915367825 0.0017975084646453254 0 2.7740000000014295
33 3 2.7857880669798725 0.0018119330215857765 0 2.78840000000146
28 6 2.7876107918084116 0.0017892081930503956 0 2.7902000000014637
34 3 2.8050972224537403 0.001802777547758705 0 2.8077000000015007
31 2 2.8087182827933406 0.0017817172081660004 1 2.8113000000015083
23 5 2.818796505499362 0.001803494502166103 0 2.8214000000015296
27 9 2.822888887850687 0.0018111121508495032 0 2.8255000000015382
18 4 2.824084323908886 0.0018156760926530957 0 2.8267000000015408
28 1 2.8330648950435937 0.0017351049579641398 0 2.8356000000015595
24 5 2.858697419507434 0.001802580494178141 0 2.8613000000016138
38 8 2.866729323376238 0.0017706766253908768 0 2.8693000000016307
26 0 2.8726593301886636 0.0017406698129778242 0 2.875200000001643
25 5 2.875426206046331 0.001773793955316183 0 2.878000000001649
28 9 2.8780073376872224 0.0017926623144304266 0 2.8806000000016545
19 4 2.8858693851104302 0.0018306148912392572 0 2.888500000001671
29 1 2.894338184103846 0.0017618158978414122 0 2.896900000001689
30 1 2.8964153380024302 0.0017846619992614166 0 2.8990000000016933
25 10 2.899106299052342 0.0017937009493551592 0 2.901700000001699
35 3 2.901384865995022 0.001815134006680097 0 2.904000000001704
20 4 2.905402123327886 0.0017978766738244722 0 2.9080000000017123
29 9 2.918499282126906 0.0018007178748322694 0 2.92110000000174
31 1 2.9285015180945297 0.0017984819072296432 0 2.931100000001761
27 0 2.944828285764763 0.0017717142370305972 0 2.9474000000017955
28 0 2.94700638198987 0.001793618011928455 0 2.9496000000018
31 7 2.9597247643180027 0.0017752356838225403 1 2.962300000001827
30 9 2.989059206125906 0.0017407938759812502 0 2.9916000000018887
32 7 2.9902004193183602 0.001799580683529367 1 2.9928000000018913
32 2 2.994850664793653 0.001749335208246272 1 2.997400000001901
36 3 3.0032126199218867 0.0017873800800303208 0 3.0058000000019187
31 9 3.0106833756983664 0.0018166243035664387 0 3.0133000000019345
37 3 3.012997855433536 0.0018021445684017756 0 3.0156000000019394
39 8 3.0416109841310743 0.001789015870923727 0 3.0442000000019998
32 1 3.0532452286507623 0.0017547713512602314 0 3.0558000000020242
38 3 3.0618710391917485 0.0018289608102923793 0 3.0645000000020426
29 6 3.0632742062361995 0.0018257937658443524 0 3.0659000000020455
21 4 3.0650630418798266 0.0017369581222208552 0 3.067600000002049
30 6 3.0852684563820434 0.0018315436200468937 0 3.087900000002092
40 8 3.1050698850542426 0.0018301149478894274 0 3.1077000000021338
26 10 3.1207007657487176 0.0017992342534474126 0 3.1233000000021667
32 9 3.1228262339109887 0.0017737660911807396 0 3.125400000002171
29 0 3.134174025044601 0.0018259749575926243 0 3.136800000002195
27 10 3.13472977366601 0.0017702263361845105 0 3.1375000000021966
33 2 3.137255100180096 0.001744899822103907 1 3.1398000000022015
22 4 3.152402539778668 0.0017974602235639736 0 3.1550000000022336
31 6 3.173721287919873 0.0017787120824039881 0 3.1763000000022785
23 4 3.1807466180170985 0.0017533819851931476 0 3.1833000000022933
24 4 3.1814234573760807 0.0010765426262109301 0 3.1833000000022933
41 8 3.1913056164786844 0.0017943835236295946 0 3.1939000000023157
42 8 3.2154800782777913 0.001819921724573792 0 3.2181000000023667
34 2 3.215907971485779 0.0017920285165868854 1 3.2185000000023676
43 8 3.221760702272165 0.0017392977302130852 0 3.22430000000238
44 8 3.23162969571676 0.0017703042856389573 0 3.2342000000024007
30 0 3.243337759692807 0.0017622403096169137 0 3.2459000000024254
35 2 3.2438169434680524 0.0017830565343723848 1 3.2464000000024265
39 3 3.24958959557264 0.0018104044297970745 0 3.2522000000024387
26 5 3.2673738777517416 0.0018261222507329755 0 3.2700000000024763
32 6 3.2700407441897528 0.0017592558127272895 0 3.2726000000024817
33 7 3.2813754991002786 0.0018245009022255232 1 3.284000000002506
31 0 3.2895767487485013 0.001823251254020164 0 3.292200000002523
40 3 3.290268158925908 0.0018318410766147153 0 3.2929000000025246
33 1 3.294335401999161 0.0017645980033704767 0 3.296900000002533
41 3 3.3000394364722676 0.0017605635302757605 0 3.302600000002545
33 9 3.3049077815888643 0.0017922184136893726 0 3.3075000000025554
27 5 3.317228344581168 0.0017716554214115554 0 3.3198000000025814
28 5 3.340022794103327 0.00177720589930086 0 3.3426000000026295
34 9 3.3510645222145348 0.0017354777881162242 0 3.3536000000026527
34 7 3.3566627089204397 0.0017372910822230914 1 3.3592000000026645
35 9 3.363760765840586 0.0017392341620916518 0 3.3663000000026795
35 7 3.369190682418503 0.001809317584186232 1 3.371800000002691
25 4 3.375530593174574 0.0017694068281288722 0 3.3781000000027044
29 5 3.419888222289311 0.0018117777134851742 0 3.422500000002798
42 3 3.4207505162696275 0.0017494837331706314 0 3.4233000000027998
36 9 3.427768106406278 0.001831893596535128 0 3.4304000000028148
36 2 3.4630572694924675 0.0017427305104198432 1 3.465600000002889
45 8 3.4658761968738396 0.001823803129053836 0 3.468500000002895
28 10 3.468283296480342 0.0018167035225564732 0 3.4709000000029
37 9 3.481581490240119 0.0018185097628076186 0 3.4842000000029283
46 8 3.4928656518213907 0.0017343481815594863 0 3.495400000002952
29 10 3.4955337749534987 0.0017662250494572262 0 3.4981000000029576
34 1 3.502882641572587 0.0018173584303844414 0 3.5055000000029732
30 5 3.505036876520696 0.0017631234822799158 0 3.5076000000029777
43 3 3.5080831305644185 0.0018168694385640727 0 3.510700000002984
32 0 3.5722341366040844 0.001765863399033396 0 3.5748000000031195
31 5 3.5747881285533483 0.0018118714497750155 0 3.577400000003125
30 10 3.5787004398814486 0.0017995601216829193 0 3.581300000003133
33 0 3.5823382158268107 0.0017617841763284403 0 3.584900000003141
37 2 3.5844671253883837 0.001832874614760005 1 3.5871000000031454
32 5 3.5925790139288885 0.0018209860742723905 0 3.5952000000031625
38 9 3.594000639975703 0.001799360027460839 0 3.5966000000031655
38 2 3.596604090398393 0.00179590960477638 1 3.599200000003171
47 8 3.6293595982071105 0.0017404017961277773 0 3.63190000000324
39 9 3.6442961724187275 0.00180382758454245 0 3.6469000000032716
33 5 3.6482281512448105 0.0017718487584676978 0 3.65080000000328
36 7 3.6535440145593343 0.0017559854439550548 1 3.656100000003291
48 8 3.6546247591237986 0.0017752408794931007 0 3.6572000000032934
49 8 3.6641182031788158 0.0017817968244959737 0 3.6667000000033134
26 4 3.6704141953159066 0.001785804687418402 0 3.6730000000033267
39 2 3.677034331540465 0.0017656684628737374 1 3.6796000000033406
50 8 3.6778352516771142 0.0017647483262264174 0 3.6804000000033423
40 2 3.6856170373905224 0.0017829626128347265 1 3.688200000003359
35 1 3.688582689799071 0.0018173102042924327 0 3.691200000003365
44 3 3.6887319909327743 0.0019680090705898046 0 3.6919000000033666
51 8 3.7045475123279537 0.0017524876754433372 0 3.7071000000033987
36 1 3.704745063093164 0.00185493691023364 0 3.7078000000034
52 8 3.711826212835229 0.0017737871681835493 0 3.714400000003414
33 6 3.719219015213645 0.0017809847897831688 0 3.7218000000034297
37 1 3.7337519129394035 0.0017480870640551593 0 3.7363000000034603
38 1 3.7365560251326504 0.0017439748708141245 0 3.739100000003466
31 10 3.7582055254987887 0.0017944745047215882 0 3.760800000003512
39 1 3.761341255146226 0.0017587448572906617 0 3.7639000000035185
40 1 3.786259082086937 0.001740917916632334 0 3.788800000003571
41 1 3.7916835247459497 0.0018164752576312893 0 3.7943000000035827
53 8 3.794666465588795 0.0017335344147921816 0 3.797200000003589
40 9 3.7952686251970444 0.0018313748065441615 0 3.7979000000035903
42 1 3.8069859681990352 0.0018140318045780646 0 3.809600000003615
41 9 3.8323927139620197 0.0018072860416471492 0 3.8350000000036686
45 3 3.8636247094132945 0.0017752905904382388 0 3.8662000000037344
43 1 3.8686407360851036 0.0017592639186396752 0 3.871200000003745
42 9 3.908532104887993 0.001767895115834417 0 3.911100000003829
44 1 3.9151041466636314 0.0017958533402100407 0 3.917700000003843
43 9 3.9190067116770826 0.0017932883267670618 0 3.9216000000038513
32 10 3.919957247778306 0.0017427522255455408 0 3.9225000000038532
34 5 3.9274171572877545 0.0017828427161128424 0 3.930000000003869
37 7 3.9386366857783863 0.0017633142255046863 1 3.9412000000038927
34 6 3.941846643803923 0.0017533561999747427 0 3.9444000000038995
35 5 3.9524900896170485 0.001809910386871838 0 3.955100000003922
36 5 3.958449448852366 0.0017505511515669703 0 3.9610000000039345
46 3 3.9713685740801536 0.0018314259238065844 0 3.974000000003962
54 8 3.9718723912885707 0.0018276087153905607 0 3.9747000000039634
33 10 3.980111152201065 0.0017888478029135513 0 3.9827000000039803
27 4 3.985372700722658 0.0018272992813317401 0 3.9880000000039915
28 4 4.012133384879389 0.0017666151245947503 0 4.014700000003982
55 8 4.0187028836056635 0.001797116398305043 0 4.021300000003967
56 8 4.0207875177456645 0.0018124822582992195 0 4.023400000003962
34 10 4.027651108887395 0.0017488911165530752 0 4.030200000003946
41 2 4.029662338020843 0.0017376619830997697 1 4.032200000003941
47 3 4.036957357919145 0.001742642084781032 0 4.039500000003924
57 8 4.040427552189666 0.0017724478142522315 0 4.043000000003916
45 1 4.052424540929265 0.001775459074624841 0 4.055000000003888
42 2 4.0543284033877445 0.0017715966161411245 1 4.056900000003884
58 8 4.054627426587413 0.0017725734164715234 0 4.057200000003883
34 0 4.073284168849367 0.0018158311544747008 0 4.0759000000038395
38 7 4.081157169083781 0.0017428309200422376 1 4.083700000003821
46 1 4.088191693490029 0.0018083065137775023 0 4.090800000003805
35 10 4.111578363428809 0.001821636574943497 0 4.11420000000375
35 0 4.133332102703816 0.001767897299885135 0 4.1359000000037
36 10 4.138747533888471 0.0017524661152181764 0 4.141300000003687
35 6 4.13981106016909 0.0017889398345962704 0 4.1424000000036845
43 2 4.14961743858776 0.0017825614159034942 1 4.152200000003662
29 4 4.152781383226864 0.0018186167767924033 0 4.155400000003654
37 10 4.172618084896112 0.0017819151074975892 0 4.175200000003608
59 8 4.188087627515161 0.0018123724884127057 0 4.190700000003572
30 4 4.188656029014979 0.0017439709885938015 0 4.19150000000357
48 3 4.204432637337437 0.0017673626660990038 0 4.207000000003534
44 2 4.213744142963775 0.0017558570397389062 1 4.216300000003512
36 0 4.235077262755382 0.001822737248081907 0 4.237700000003462
44 9 4.235493619106651 0.0018063808968120654 0 4.2385000000034605
45 2 4.245543614751257 0.0017563852521833567 1 4.248100000003438
31 4 4.247628717133728 0.0017712828697069583 0 4.250200000003433
49 3 4.255687180592536 0.0018128194108806284 0 4.258300000003414
37 0 4.255841586028211 0.002058413975204232 0 4.2591000000034125
37 5 4.256464365825921 0.0017356341774936723 0 4.259800000003411
50 3 4.266986349840521 0.0018136501628687185 0 4.269600000003388
39 7 4.2670735838630645 0.002126416140324494 1 4.269900000003387
38 0 4.268048319529787 0.0017516804736006364 0 4.270600000003386
46 2 4.2703430129811295 0.0017569870222526873 1 4.27290000000338
39 0 4.271110622668854 0.0017893773345258879 0 4.2737000000033785
40 0 4.272492404498648 0.0004075955047326829 0 4.2737000000033785
32 4 4.272127004921524 0.001772995081854134 0 4.274700000003376
45 9 4.27674523144849 0.0017547685548775505 0 4.279300000003365
40 7 4.2922931664151625 0.001806833588168466 1 4.294900000003329
33 4 4.30809813031595 0.00180186968734386 0 4.310700000003292
60 8 4.325080750519853 0.0018192494834012862 0 4.327700000003253
51 3 4.33229665233269 0.0018033476705481277 0 4.334900000003236
41 7 4.336212209457624 0.0017877905456042953 1 4.338800000003227
42 7 4.340884438890294 0.0018155611129238025 1 4.343500000003216
38 5 4.341580266389529 0.0018197336136873687 0 4.344200000003214
47 1 4.3440041880631 0.001795811940110248 0 4.346600000003209
41 0 4.350177232600239 0.0018227674029569485 0 4.352800000003194
42 0 4.35265476805894 0.0017452319442501363 0 4.3552000000031885
43 7 4.3621880609054235 0.0018119390977444638 1 4.364800000003166
43 0 4.377688900414893 0.0018110995882389958 0 4.38030000000313
44 0 4.3858184937260996 0.001781506277013456 0 4.388400000003111
61 8 4.3995363952463435 0.0017636047567375357 0 4.402100000003079
62 8 4.40847047334507 0.001829526657989966 0 4.411100000003058
48 1 4.425876597928893 0.0018234020741267898 0 4.428500000003018
39 5 4.430529208434936 0.0017707915680729158 0 4.433100000003007
40 5 4.435755241528591 0.0017447584744054723 0 4.438300000002995
44 7 4.438634524913766 0.0017654750892237558 1 4.441200000002988
63 8 4.440930920010482 0.0017690799925027534 0 4.443500000002983
38 10 4.444085629664142 0.0018143703388355803 0 4.446700000002975
41 5 4.449220123744973 0.0017798762579923633 0 4.451800000002963
45 0 4.452803374663076 0.0017966253398808973 0 4.455400000002955
49 1 4.456780976044238 0.00181902395870992 0 4.459400000002946
64 8 4.472572986251473 0.0018270137514377893 0 4.475200000002909
65 8 4.475181372687424 0.0018186273154805477 0 4.477800000002903
36 6 4.481608825686399 0.0017911743164908955 0 4.484200000002888
50 1 4.490907940313738 0.0017920596891300988 0 4.493500000002866
52 3 4.500229175470329 0.0017708245325174232 0 4.5028000000028445
39 10 4.500251581965753 0.0021484180370920924 0 4.503600000002843
40 10 4.502356708258196 0.001743291744645603 0 4.50490000000284
53 3 4.5057435044987315 0.0017564955041020625 0 4.508300000002832
41 10 4.5249644483756235 0.0017355516271653215 0 4.527500000002787
37 6 4.526826511171056 0.0017734888317280095 0 4.5294000000027825
51 1 4.5405194114384795 0.001780588564272989 0 4.543100000002751
34 4 4.570021092248069 0.0017789077546144227 0 4.572600000002682
52 1 4.584431727378106 0.0017682726245444869 0 4.587000000002648
53 1 4.587589003011124 0.001810996991518543 0 4.590200000002641
42 5 4.5982951216915895 0.0018048783110282685 0 4.600900000002616
66 8 4.602917885891694 0.0017821141109131133 0 4.605500000002605
45 7 4.614747681334117 0.0017523186684629266 1 4.617300000002578
42 10 4.6333946496815654 0.0018053503209705113 0 4.636000000002534
43 5 4.651660224305924 0.0017397756965698008 0 4.654200000002492
43 10 4.663095591149046 0.0018044088534203695 0 4.665700000002465
54 1 4.666467516915297 0.0018324830871616626 0 4.669100000002457
44 5 4.677201151678867 0.001798848323566915 0 4.679800000002432
46 9 4.699174418261041 0.0018255817413415087 0 4.701800000002381
47 9 4.716652513667134 0.0017474863352084924 0 4.71920000000234
55 1 4.723740219616056 0.0017597803862692274 0 4.726300000002324
35 4 4.7243922008896915 0.0018077991126324022 0 4.727100000002322
38 6 4.726994001899363 0.0018059981029550087 0 4.729600000002316
56 1 4.728027837125141 0.0017721628771747433 0 4.730600000002314
46 0 4.729584080012683 0.0018159199896290446 0 4.73220000000231
36 4 4.734694008495047 0.0018059915072532462 0 4.737300000002298
44 10 4.738386496240285 0.0018135037620066186 0 4.741000000002289
54 3 4.739086972903932 0.0018130270983576224 0 4.7418000000022875
45 10 4.753023663534349 0.0017763364679082017 0 4.755600000002255
57 1 4.757236328301308 0.0017636717009397174 0 4.759800000002246
46 10 4.759703707752362 0.0017962922498799827 0 4.76230000000224
48 9 4.768932126251333 0.001767873750886828 0 4.771500000002218
39 6 4.7731021683978145 0.0017978316043958387 0 4.7757000000022085
58 1 4.7750612518034075 0.0017387481987984899 0 4.777600000002204
59 1 4.785822983547167 0.0017770164550139356 0 4.788400000002179
67 8 4.825860847169405 0.0017391528326822225 0 4.828400000002086
47 10 4.832655382806073 0.0017446171959987211 0 4.83520000000207
40 6 4.833482128880637 0.0018178711214327237 0 4.836100000002068
45 5 4.839203436292408 0.0017965637096484244 0 4.8418000000020545
60 1 4.843598091202644 0.0018019087994023408 0 4.846200000002044
37 4 4.847259029210495 0.0017409707915430062 0 4.849800000002036
47 2 4.85191124228361 0.0017887577184163561 1 4.854500000002025
41 6 4.853249768301053 0.0017502317009707724 0 4.855800000002022
49 9 4.861192052453387 0.0018079475486176833 0 4.863800000002003
48 2 4.885931815400679 0.0017681846012687075 1 4.888500000001946
47 0 4.907600681075458 0.0017993189264391418 0 4.910200000001895
49 2 4.908032099534944 0.001767900466951744 1 4.910600000001894
46 7 4.91102365995243 0.0017763400494592574 1 4.913600000001887
38 4 4.9160279510608555 0.0017720489410217866 0 4.9186000000018755
61 1 4.9237757520757555 0.0018242479261036948 0 4.926400000001857
47 7 4.926646232243846 0.001753767758006397 1 4.929200000001851
55 3 4.927621282185089 0.0017787178167614215 0 4.930200000001848
42 6 4.929347184734263 0.0017528152675829745 0 4.9319000000018445
46 5 4.933461268513063 0.0017387314887740146 0 4.936000000001835
48 10 4.945191310095229 0.0018086899065803408 0 4.947800000001807
50 9 4.956341734220381 0.0017582657814028124 0 4.9589000000017815
68 8 4.960357640551488 0.0017423594502856687 0 4.962900000001772
39 4 4.970945803433155 0.001754196568594324 0 4.9735000000017475
56 3 4.984277527000075 0.0018224730016429547 0 4.986900000001716
62 1 4.987818252250894 0.0017817477508161872 0 4.990400000001708
48 0 4.992116663550683 0.0017833364510169147 0 4.994700000001698
