#12 ONUs
# id src init_time waited_time freq processed_time
0 11 0.009820464053907765 0.0017795359460922207 0 0.01239999999999998
0 4 0.01864256276333472 0.0017574372366652123 0 0.021199999999999927
0 8 0.019109505188326777 0.0017904948116731524 0 0.021999999999999922
0 6 0.07044046590425472 0.0017595340957463207 0 0.07300000000000106
0 9 0.07825809672576087 0.0017419032742403973 0 0.08080000000000129
1 9 0.08187545738354601 0.0018245426164553574 0 0.0845000000000014
2 9 0.09273211348374943 0.0017678865162522456 0 0.0953000000000017
1 11 0.0958578890627103 0.0017421109372914717 0 0.09840000000000179
0 0 0.09862287682691327 0.0017771231730885767 0 0.10120000000000187
0 5 0.09978166146698214 0.0018183385330197421 0 0.1024000000000019
0 7 0.10593545150837853 0.0017645484916235243 0 0.10850000000000208
0 1 0.10715935082655004 0.0017406491734520552 0 0.10970000000000212
1 4 0.12289259305206716 0.0018074069479353805 0 0.1255000000000025
3 9 0.14354933568378167 0.0017506643162186475 0 0.14610000000000023
1 5 0.16061689484003389 0.0017831051599645487 0 0.16319999999999835
2 5 0.16106702890750885 0.0013329710924895877 0 0.16319999999999835
1 7 0.1685541959245656 0.001745804075431956 0 0.17109999999999748
2 11 0.19477048046047715 0.0018295195395175157 0 0.19739999999999458
3 5 0.1997625791220066 0.0017374208779875333 0 0.20229999999999404
2 7 0.20035496535612757 0.0017450346438664943 0 0.20309999999999395
1 8 0.2022429893366331 0.0017570106633607585 0 0.20479999999999376
4 5 0.20733772884809837 0.001762271151894923 0 0.2098999999999932
5 5 0.2080206555735191 0.0010793444264741991 0 0.2098999999999932
6 5 0.2172341370338009 0.0017658629661913006 0 0.2197999999999921
3 7 0.22658730570584606 0.0018126942941451007 0 0.22919999999999108
7 5 0.23937753176789275 0.001822468232097002 0 0.24199999999998967
8 5 0.2411781836495783 0.0018218163504112594 0 0.24379999999998947
1 6 0.25731038028584574 0.0017896197141420433 0 0.2598999999999877
2 4 0.2672701518026362 0.001829848197350492 0 0.2698999999999866
1 0 0.2732379721604681 0.0017620278395179545 0 0.27579999999998595
2 8 0.28257161110530593 0.0018283888946790672 0 0.2851999999999849
4 7 0.2881078713068654 0.0017921286931190106 0 0.2906999999999843
9 5 0.2881483832982806 0.0021516167017037735 0 0.2914999999999842
10 5 0.2912363283841541 0.0017636716158299648 0 0.29379999999998396
2 0 0.3147392942997904 0.0017607057001910453 0 0.3172999999999814
3 11 0.3192036011514888 0.0017963988484921423 0 0.3217999999999809
1 1 0.3332287509253771 0.001771249074602299 0 0.33579999999997934
5 7 0.33770093817400826 0.0017990618259706714 0 0.34029999999997884
3 0 0.3472601151158923 0.0017398848840856074 0 0.3497999999999778
2 1 0.34951341749526577 0.0017865825047118644 0 0.35209999999997754
4 11 0.3510277024606231 0.0018722975393543617 0 0.35369999999997737
11 5 0.3533297946636514 0.0017702053363258252 0 0.3558999999999771
12 5 0.3558097526355261 0.0017902473644508254 0 0.35839999999997685
4 9 0.35602324497427523 0.0019767550257016597 0 0.35919999999997676
3 8 0.3861804823599477 0.0018195176400259139 0 0.3887999999999735
0 2 0.40586347409211865 0.0017365259078527817 1 0.40839999999997134
4 0 0.4258892468911057 0.0018107531088635276 0 0.42849999999996913
0 10 0.42787421698925704 0.0018257830107119566 1 0.4304999999999689
3 1 0.44327159024614504 0.0018284097538222577 0 0.4458999999999672
6 7 0.46113669030036125 0.0017633096996040876 0 0.46369999999996525
5 0 0.46171868744839784 0.0017813125515674377 0 0.46449999999996516
1 10 0.4940444319416222 0.0017555680583395405 1 0.4965999999999616
1 2 0.5047373883289917 0.0017626116709688056 1 0.5072999999999604
5 11 0.5114184447840423 0.0017815552159174963 0 0.5139999999999597
6 0 0.5140275843573262 0.001772415642633307 0 0.5165999999999594
6 11 0.5153111170968542 0.0017888829031051934 0 0.5178999999999593
2 10 0.5282758307389591 0.0018241692609988203 1 0.5308999999999579
7 7 0.52855189689266 0.0017481031072978936 0 0.5310999999999578
8 7 0.5342952283216886 0.0018047716782686463 0 0.5368999999999572
0 3 0.5507057582618876 0.0017942417380678588 1 0.5532999999999554
7 11 0.5538081172103984 0.0017918827895567757 0 0.556399999999955
4 1 0.57925947040974 0.0017405295902123141 0 0.5817999999999522
9 7 0.5880811391950468 0.0018188608049045651 0 0.5906999999999513
1 3 0.5991015015409932 0.0017984984589569653 1 0.60169999999995
2 6 0.6064172439672011 0.001782756032748245 0 0.6089999999999492
2 2 0.6306669282380926 0.0018330717618540993 1 0.6332999999999466
3 6 0.6355708845065705 0.0018291154933756104 0 0.638199999999946
3 2 0.6363109549447382 0.0017890450552078274 1 0.638899999999946
3 4 0.6473728215919443 0.0018271784080005071 0 0.6499999999999447
4 6 0.6569769653134586 0.0018230346864851477 0 0.6595999999999437
3 10 0.6834382589282856 0.0017617410716552762 1 0.6859999999999408
7 0 0.7008438171306647 0.0017561828692742587 0 0.7033999999999389
4 4 0.7076440425923428 0.0017559574075953766 0 0.7101999999999381
8 0 0.712369369627722 0.001830630372215647 0 0.7149999999999376
4 2 0.719834317046143 0.0017656829537938679 1 0.7223999999999368
5 6 0.7236650362627526 0.0017349637371838478 0 0.7261999999999363
5 2 0.7288529931542617 0.0017470068456741927 1 0.7313999999999358
6 6 0.7349211071581938 0.0017788928417413752 0 0.7374999999999351
5 4 0.7548294206793766 0.0017705793205563536 0 0.7573999999999329
10 7 0.764645280082806 0.0017547199171259464 0 0.7671999999999318
4 8 0.7659205013978658 0.0017794986020659431 0 0.7684999999999317
11 7 0.769649792032727 0.0017502079672043758 0 0.7721999999999313
4 10 0.7885184666015203 0.0017815333984090298 1 0.7910999999999292
6 2 0.7892582084276127 0.0017417915723164645 1 0.7918999999999291
7 2 0.8048944027262576 0.0018055972736699122 1 0.8074999999999274
5 10 0.8057351673262249 0.0017648326737025322 1 0.8082999999999273
13 5 0.8251455837131002 0.0017544162868250446 0 0.8276999999999252
14 5 0.8289708669615161 0.0018291330384087034 0 0.8315999999999247
9 0 0.8450212161152325 0.001778783884690549 0 0.847599999999923
8 2 0.8464392753779584 0.0017607246219645267 1 0.8489999999999228
6 4 0.8496830452006914 0.001816954799231163 0 0.8522999999999225
7 6 0.858155595881748 0.0017444041181736702 0 0.8606999999999215
5 9 0.866929117916845 0.001770882083075631 0 0.8694999999999206
10 0 0.8683202823018125 0.0017797176981080298 0 0.8708999999999204
2 3 0.8711486083384679 0.0017513916614523284 1 0.8736999999999201
7 4 0.8888758135888403 0.0018241864110779549 0 0.8914999999999181
11 0 0.9101749146499066 0.0018250853500092479 0 0.9127999999999158
12 0 0.9107234246526031 0.0012765753473127361 0 0.9127999999999158
13 0 0.9119999714526185 0.0018000285472972166 0 0.9145999999999156
8 6 0.9159681237790582 0.0018318762208570094 0 0.9185999999999152
6 9 0.9283458099303117 0.0017541900696022017 0 0.9308999999999138
6 10 0.9440825605998324 0.0018174394000797234 1 0.9466999999999121
5 8 0.9453045231976495 0.0017954768022625522 0 0.9478999999999119
8 4 0.9468261290889225 0.0018738709109893392 0 0.9494999999999117
15 5 0.9562125366656801 0.0017874633342307433 0 0.9587999999999107
7 10 0.9565936757904662 0.0018063242094445986 1 0.9591999999999107
7 9 0.9573665208976827 0.001733479102227986 0 0.9598999999999106
9 4 0.9736958107379629 0.001804189261946032 0 0.9762999999999088
5 1 0.9785217021699604 0.0017782978299479835 0 0.9810999999999083
8 10 0.9920742485900077 0.0018257514098991567 1 0.9946999999999068
16 5 0.9951163041502752 0.0017836958496313393 0 0.9976999999999064
14 0 1.000663336058628 0.0017366639412781382 0 1.003199999999906
6 8 1.0011021219110898 0.0017978780888161516 0 1.0039999999999059
9 10 1.0322765060996215 0.0018234939002810258 1 1.0348999999999025
8 9 1.0370927841167676 0.001807215883134372 0 1.039699999999902
9 6 1.044835815245749 0.001764184754152076 0 1.047399999999901
12 7 1.054066771614123 0.0018332283857771525 0 1.0566999999999
6 1 1.0551205716122767 0.0017794283876233496 0 1.0576999999999
7 1 1.066468460906728 0.0018315390931706865 0 1.0690999999998987
8 11 1.0680577550182089 0.0018422449816897224 0 1.0706999999998985
15 0 1.0685966141965841 0.0018033858033144057 0 1.0714999999998984
3 3 1.072729669939879 0.001770330060019143 1 1.075299999999898
10 6 1.0736926890203575 0.0018073109795404552 0 1.076299999999898
10 4 1.0784369804400311 0.0017630195598663523 0 1.0809999999998974
9 11 1.0802755708544391 0.0018244291454581063 0 1.0828999999998972
4 3 1.0807762789988247 0.0018237210010725313 1 1.0833999999998971
9 2 1.0911618822659195 0.0017381177339765852 1 1.093699999999896
11 4 1.0921696331189512 0.0018303668809447338 0 1.0947999999998959
5 3 1.094290644120278 0.0018093558796177245 1 1.0968999999998956
11 6 1.1101895584218264 0.0018104415780675343 0 1.1127999999998939
10 10 1.1170405484130699 0.0017594515868233351 1 1.1195999999998931
12 4 1.1229604141730374 0.0017395858268551834 0 1.1254999999998925
9 9 1.124841270095855 0.0017587299040373594 0 1.1273999999998923
10 2 1.1251187171052452 0.0018812828946470628 1 1.1276999999998922
7 8 1.1266884240052217 0.0018115759946704113 0 1.129299999999892
8 1 1.1343821758650285 0.0018178241348627555 0 1.1369999999998912
8 8 1.1383841756098965 0.0018158243899943916 0 1.1409999999998908
12 6 1.1432864980732307 0.001813501926659633 0 1.1458999999998902
6 3 1.1526760172911166 0.001823982708772709 1 1.1552999999998892
9 8 1.1556415578257384 0.001758442174150554 0 1.1581999999998889
10 8 1.1640830603072263 0.0018169396926617232 0 1.166699999999888
7 3 1.166536451819516 0.0017635481803717212 1 1.1690999999998877
10 9 1.1760874032166706 0.0018125967832161027 0 1.1786999999998866
13 4 1.1784891024986184 0.0018108975012680606 0 1.1810999999998864
14 4 1.1899150760405266 0.0017849239593585864 0 1.192499999999885
16 0 1.1949308109596304 0.0017691890402542487 0 1.1974999999998845
11 9 1.204865155416069 0.0017348445838145654 0 1.2073999999998835
17 5 1.2063242730560018 0.001875726943881606 0 1.2089999999998833
11 2 1.206360825302548 0.0022391746973353666 1 1.2092999999998832
15 4 1.2099066549912358 0.0017933450086471403 0 1.212499999999883
8 3 1.2483621630508392 0.0017378369490395063 1 1.2508999999998787
13 6 1.2537454399612327 0.0017545600386454918 0 1.256299999999878
12 2 1.2639642552823762 0.00173574471750082 1 1.266499999999877
11 10 1.2715126777758947 0.00178732222398148 1 1.274099999999876
9 3 1.2749807077483055 0.0018192922515702925 1 1.2775999999998757
9 1 1.2780873046075252 0.0018126953923502942 0 1.2806999999998754
13 2 1.2855670802076336 0.0018329197922410945 1 1.2881999999998746
10 11 1.3025375288446286 0.001762471155244194 0 1.3050999999998727
12 10 1.3151097564310008 0.0017902435688705864 1 1.3176999999998713
16 4 1.3209394148046922 0.0017605851951785212 0 1.3234999999998707
17 4 1.322179924887055 0.000520075112815821 0 1.3234999999998707
13 7 1.3229451863801702 0.0017548136197003128 0 1.3254999999998704
10 1 1.3264873344614536 0.0018126655384165247 0 1.32909999999987
13 10 1.3315797365371425 0.001820263462727123 1 1.3341999999998695
14 10 1.3362667286696783 0.0018332713301907333 1 1.338899999999869
14 2 1.3399162139916454 0.0017837860082232648 1 1.3424999999998686
15 10 1.3444906048127516 0.001809395187116536 1 1.347099999999868
18 4 1.3463993196293906 0.0018006803704773144 0 1.3489999999998679
12 9 1.3507476853716007 0.001752314628266749 0 1.3532999999998674
18 5 1.3681040767558987 0.0017959232439668238 0 1.3706999999998655
17 0 1.3765837990824794 0.0018162009173852134 0 1.3791999999998645
19 5 1.3873287057223043 0.0017712942775591767 0 1.3898999999998634
11 8 1.394780164024236 0.0018198359756265159 0 1.3973999999998625
10 3 1.3956962912592934 0.001803708740569121 1 1.3982999999998624
11 3 1.399328930623092 0.0017710693767700736 1 1.401899999999862
14 6 1.4037572567322272 0.0017427432676344612 0 1.4062999999998615
11 11 1.4126112143357903 0.0017887856640703692 0 1.4151999999998606
20 5 1.4317306784002726 0.0017693215995859823 0 1.4342999999998585
13 9 1.4322223310238427 0.0017776689760158337 0 1.4350999999998584
12 11 1.4603909509250803 0.001809049074775082 0 1.4629999999998553
12 8 1.4724936972242866 0.001806302775567481 0 1.475099999999854
14 9 1.480034345903433 0.001765654096420155 0 1.4825999999998531
19 4 1.4824244360209702 0.0017755639788827882 0 1.4849999999998529
21 5 1.4828909473945904 0.00180905260526254 0 1.4857999999998528
15 9 1.4881820010144247 0.0018179989854276712 0 1.4907999999998522
18 0 1.490564877179574 0.00173512282027799 0 1.493099999999852
15 6 1.491081644012898 0.0018183559869540122 0 1.493899999999852
22 5 1.508513086932342 0.0017869130675081113 0 1.51109999999985
14 7 1.54554347847583 0.0017565215240160637 0 1.548099999999846
15 7 1.5482556053861298 0.0017443946137158939 0 1.5507999999998456
16 9 1.5872989809280278 0.0018010190718136254 0 1.5898999999998413
11 1 1.5885551107220683 0.001744889277772943 0 1.5910999999998412
13 8 1.617790670803 0.001809329196837961 0 1.620399999999838
15 2 1.6200828107986431 0.0018171892011946689 1 1.6226999999998377
23 5 1.6380207179407444 0.0017792820590913916 0 1.6405999999998357
12 3 1.6641991534019072 0.001800846597925787 1 1.6667999999998329
17 9 1.6788444733314343 0.0017555266683970672 0 1.6813999999998313
13 3 1.6860252702980163 0.0017747297018142483 1 1.6885999999998305
14 8 1.6877070649715211 0.0017929350283092393 0 1.6902999999998303
24 5 1.6972447048712909 0.0017552951285384477 0 1.6997999999998292
16 6 1.7091380231121276 0.0017619768877004116 0 1.711699999999828
16 10 1.7106004649178903 0.00189953508193752 1 1.7132999999998277
14 3 1.7329285771667389 0.0017714228330865112 1 1.7354999999998253
17 6 1.7499670461078263 0.0018329538919972244 0 1.7525999999998234
20 4 1.757288869562203 0.0018111304376196014 0 1.7598999999998226
15 3 1.760663493384768 0.0017365066150543118 1 1.7631999999998222
15 8 1.77187561204449 0.0018243879553310194 0 1.774499999999821
13 11 1.7723898237125155 0.0018101762873055094 0 1.775299999999821
18 6 1.7758581676860181 0.0017418323138025382 0 1.7783999999998206
14 11 1.7767859956811687 0.0018140043186518628 0 1.7793999999998205
15 11 1.7805858252767124 0.001814174723107742 0 1.78319999999982
16 3 1.7810678292380466 0.001832170761773444 1 1.78369999999982
12 1 1.7827547867961662 0.0017452132036537282 0 1.7852999999998198
13 1 1.8035080252800684 0.0017919747197492342 0 1.8060999999998175
25 5 1.8070870751274175 0.0018129248723997016 0 1.8096999999998171
19 6 1.8151585971554232 0.0017414028443931695 0 1.8176999999998162
21 4 1.8271586990215791 0.0017413009782358824 0 1.829699999999815
26 5 1.8389662733791554 0.0017337266206582935 0 1.8414999999998136
20 6 1.857719504965494 0.0017804950343176529 0 1.8602999999998115
16 7 1.8771572472519598 0.0017427527478497407 0 1.8796999999998094
21 6 1.8937421341244547 0.0017578658753529819 0 1.8962999999998076
19 0 1.9184909877464418 0.0018090122533631625 0 1.9210999999998049
17 7 1.925256518752765 0.001743481247039158 0 1.9277999999998041
18 7 1.9338438471360824 0.0017561528637208834 0 1.9363999999998032
27 5 1.9516248688181705 0.0017751311816307513 0 1.9541999999998012
17 3 1.9526884652750962 0.0018115347247049662 1 1.955299999999801
19 7 1.961567729827997 0.0018322701718032075 0 1.9641999999998
18 3 1.9627038738708822 0.0017961261289178854 1 1.9652999999998
18 9 1.963846656725518 0.0017533432742820043 0 1.9663999999997999
16 8 1.972873599769126 0.001826400230672931 0 1.9754999999997989
19 3 1.9790546048693878 0.0017453951304104987 1 1.9815999999997982
19 9 1.9983467446279635 0.001753255371832907 0 2.000899999999798
22 6 1.9990595802330196 0.0017404197667783006 0 2.0015999999997995
17 8 2.0013564543150464 0.0017435456847563202 0 2.0038999999998044
17 10 2.0040183719832125 0.0017816280165958709 1 2.00659999999981
22 4 2.00485850908853 0.0017414909112800636 0 2.007399999999812
18 8 2.0261880403704375 0.0018119596294177143 0 2.028799999999857
20 0 2.0278959474130813 0.001804052586777516 0 2.0304999999998605
19 8 2.040107565109479 0.001792434890405481 0 2.0426999999998863
20 8 2.0431367342180953 0.001763265781795642 0 2.0456999999998926
20 3 2.0508446572931827 0.0017553427067245053 1 2.053399999999909
28 5 2.0540190540909466 0.0017809459089672686 0 2.0565999999999156
18 10 2.0572503430961895 0.0017496569037311893 1 2.0597999999999224
20 9 2.0603946116541976 0.0018053883457298525 0 2.062999999999929
21 0 2.060573163315193 0.0019268366847349228 0 2.0636999999999306
14 1 2.078065317679567 0.0017346823203974182 0 2.0805999999999663
23 6 2.091697777666946 0.0018022223330476095 0 2.094299999999995
21 8 2.0970619153870236 0.0017380846129810834 0 2.0996000000000064
21 9 2.1042357736181936 0.0017642263818262727 0 2.1068000000000215
16 2 2.1057793610687447 0.0018206389312784843 1 2.108400000000025
19 10 2.1085362464229784 0.0017637535770504975 1 2.1111000000000306
24 6 2.1133922867921138 0.0018077132079254987 0 2.116000000000041
20 10 2.116387271078102 0.0018127289219433962 1 2.1190000000000473
22 0 2.1197670249766882 0.001832975023364547 0 2.1224000000000545
23 4 2.1349083715930717 0.0017916284070129684 0 2.1375000000000863
17 2 2.15253556975616 0.0017644302439618897 1 2.1551000000001235
22 8 2.1620788986712025 0.001821101328939534 0 2.1647000000001437
20 7 2.1632006153948726 0.0017993846052717366 0 2.165800000000146
23 0 2.169905654739981 0.0017943452601776322 0 2.17250000000016
16 11 2.1751390498342063 0.0017609501659632265 0 2.177700000000171
22 9 2.1864018957621525 0.0017981042380408319 0 2.189000000000195
24 0 2.2092741868380688 0.0018258131621728957 0 2.2119000000002433
23 9 2.227925119453465 0.001774880546816071 0 2.2305000000002826
24 4 2.2492440660018582 0.0017559339984676292 0 2.2518000000003275
25 4 2.2499756210338373 0.0010243789664885483 0 2.2518000000003275
15 1 2.2633394114818106 0.001760588518544992 0 2.2659000000003573
25 0 2.27656699880879 0.001833001191593464 0 2.2792000000003854
26 4 2.2769958857015515 0.0018041142988329817 0 2.279900000000387
23 8 2.277425106850737 0.0017748931496481823 0 2.2807000000003885
21 7 2.2963888201010847 0.0018111798993407646 0 2.299000000000427
25 6 2.3033605634059358 0.0017394365945042622 0 2.3059000000004417
24 9 2.3347780429781375 0.0018219570223689807 0 2.337400000000508
22 7 2.3439968326245233 0.0018031673760026123 0 2.3466000000005276
26 0 2.3564391455095404 0.0017608544910117097 0 2.3590000000005538
27 4 2.3676618860710197 0.0017381139295560288 0 2.3702000000005774
27 0 2.3681548279224476 0.0017451720781291868 0 2.370900000000579
24 8 2.370084492505347 0.001815507495233959 0 2.3727000000005827
25 8 2.376251202976625 0.0017487970239686845 0 2.3788000000005955
23 7 2.39161419634666 0.0017858036539664113 0 2.394200000000628
29 5 2.3941362716385917 0.0017637283620399735 0 2.3967000000006333
21 3 2.402236778115813 0.0017632218848357972 1 2.4048000000006504
30 5 2.4069790542663667 0.0018209457342921453 0 2.4096000000006605
28 4 2.4181093171725694 0.0017906828281128995 0 2.420700000000684
26 6 2.420566392413969 0.0017336075867184775 0 2.423100000000689
27 6 2.42171159274461 0.000588407256077339 0 2.423100000000689
25 9 2.4318372337101395 0.0017627662905717045 0 2.434400000000713
21 10 2.440053866747425 0.0017461332533033058 1 2.44260000000073
17 11 2.442422822806642 0.0017771771940915393 0 2.4450000000007353
26 8 2.443153531197764 0.001746468802970913 0 2.4457000000007367
27 8 2.450484178535151 0.0018158214655996652 0 2.4531000000007523
28 0 2.451313033486658 0.001786966514094157 0 2.453900000000754
29 4 2.456775436682015 0.0018245633187490284 0 2.4594000000007656
22 10 2.4649497695496287 0.0017502304511523015 1 2.4675000000007827
22 3 2.4691941749714448 0.0018058250293453426 1 2.471800000000792
29 0 2.4795480056973926 0.0017519943034192131 0 2.4821000000008135
18 2 2.488839782723277 0.0017602172775545988 1 2.491400000000833
28 8 2.5003329420245155 0.0017670579763402472 0 2.5029000000008574
29 8 2.508000390532874 0.0017996094679979535 0 2.5106000000008737
26 9 2.5280663449018173 0.0017336550990969535 0 2.530600000000916
18 11 2.537592877457333 0.0018071225436013805 0 2.540200000000936
30 4 2.5722578025224 0.0017421974786073768 0 2.574800000001009
27 9 2.573787259088733 0.0018127409122778992 0 2.5764000000010125
31 5 2.578007007876387 0.0017929921246326863 0 2.5806000000010214
31 4 2.578656941378398 0.0017430586226230282 0 2.581300000001023
23 3 2.578967846955657 0.0018321530453646595 1 2.5816000000010235
19 2 2.6256748216536665 0.0018251783474538819 1 2.628300000001122
28 6 2.639247137155994 0.0017528628451550787 0 2.6418000000011506
23 10 2.657083730716108 0.0018162692850784978 1 2.6597000000011883
20 2 2.6590296015207855 0.0017703984804051665 1 2.6616000000011923
16 1 2.670828884321291 0.0017711156799244954 0 2.6734000000012172
32 5 2.6751425010058374 0.001757498995387241 0 2.6777000000012263
19 11 2.67658647258623 0.0019135274149979509 0 2.6793000000012297
20 11 2.6789487950721638 0.0017512049290688836 0 2.6815000000012343
32 4 2.6817858405362367 0.0018141594650020743 0 2.6844000000012405
33 5 2.685230851387391 0.0017691486138549095 0 2.6878000000012476
34 5 2.6981534638951703 0.0017465361061028695 0 2.700700000001275
29 6 2.6993746286615337 0.0018253713397422544 0 2.7020000000012776
33 4 2.7328690797511 0.0018309202502466704 0 2.7355000000013483
24 7 2.7494854895994916 0.0018145104018900682 0 2.7521000000013833
25 7 2.74964763957015 0.0016523604312315143 0 2.7521000000013833
24 10 2.75183673260193 0.0017632673994563142 1 2.754400000001388
34 4 2.752576042766286 0.0018239572351022026 0 2.75520000000139
35 5 2.776845344738959 0.0017546552624803091 0 2.779400000001441
36 5 2.8146348366220724 0.0017651633794466548 0 2.8172000000015207
30 8 2.8174690319320637 0.0018309680694614805 0 2.820100000001527
24 3 2.823056131765684 0.001743868235852819 1 2.8256000000015384
25 10 2.823777474034303 0.0018225259672353111 1 2.82640000000154
26 7 2.8404308091864094 0.0017691908151640234 0 2.843000000001575
35 4 2.852047022213523 0.0017529777880751496 0 2.8546000000015996
26 10 2.8526396053904692 0.0017603946111299784 1 2.855200000001601
30 6 2.8781738621581376 0.0018261378435155962 0 2.880800000001655
21 11 2.8834042906315553 0.0017957093701088667 0 2.886000000001666
17 1 2.8856387588171493 0.0017612411845195908 0 2.8882000000016705
22 11 2.8876931615453523 0.0018068384563210138 0 2.890300000001675
27 10 2.8891703259772945 0.0019296740243821553 1 2.8919000000016784
18 1 2.8892998715695843 0.0019001284320925294 0 2.8920000000016786
37 5 2.8925030686924176 0.0017969313092658368 0 2.895100000001685
21 2 2.896517882476303 0.0017821175253889265 1 2.8991000000016935
31 8 2.906470519322078 0.0018294806796350649 0 2.9091000000017146
28 10 2.9342674331741088 0.0018325668276628626 1 2.9369000000017733
25 3 2.941670268967803 0.0018297310339843165 1 2.944300000001789
26 3 2.944023869606925 0.0017761303948669038 1 2.946600000001794
30 0 2.9465884712855974 0.0018115287162001614 0 2.9492000000017993
31 0 2.966269483250608 0.001830516751231137 0 2.968900000001841
36 4 2.966750742968806 0.0017492570330341906 0 2.9696000000018423
32 8 2.9737574363569217 0.0017425636449330817 0 2.9763000000018565
29 10 2.9757987326026454 0.001801267399213824 1 2.978400000001861
31 6 2.9758858366289713 0.001814163372888089 0 2.978500000001861
19 1 2.98153781392566 0.0017621860762111474 0 2.984100000001873
20 1 2.9918535949301233 0.0017464050717697077 0 2.9944000000018947
22 2 2.993215189205706 0.0017848107961899728 1 2.9958000000018976
27 3 2.9982985751526767 0.00180142484922996 1 3.0009000000019084
21 1 3.008207002417117 0.0017929975848107738 0 3.0108000000019293
33 8 3.0088150019028217 0.001784998099107149 0 3.0115000000019307
27 7 3.0127606868534795 0.0017393131484575441 0 3.0153000000019388
30 10 3.0205493796264182 0.0017506203755353056 1 3.0231000000019552
28 3 3.0327622646970163 0.0017377353049630173 1 3.035300000001981
28 7 3.0370381537957627 0.001761846206225659 0 3.03960000000199
28 9 3.0382758471730886 0.00182415282890247 0 3.040900000001993
23 11 3.0498221833839008 0.0017778166181146027 0 3.052400000002017
29 3 3.062102295270596 0.0017977047314454708 1 3.064700000002043
29 7 3.062433453674427 0.0017665463276150817 0 3.0650000000020436
30 3 3.0656091225646325 0.0017908774374162384 1 3.0682000000020504
30 7 3.0715521370739762 0.0017478629280849312 0 3.074100000002063
34 8 3.0763279562965224 0.0017720437055488425 0 3.078900000002073
22 1 3.0963197633498862 0.0017802366522272628 0 3.098900000002115
29 9 3.1012086668611416 0.001791333140982232 0 3.1038000000021255
32 6 3.106710564531569 0.001789435470566314 0 3.109300000002137
33 6 3.1073660655246074 0.0011339344775280757 0 3.109300000002137
24 11 3.108546094405038 0.0017539055971012019 0 3.111100000002141
37 4 3.1094735334283428 0.0018264665737985908 0 3.112100000002143
35 8 3.1112011942559277 0.001798805746217269 0 3.1138000000021466
32 0 3.1139927794892497 0.0018072205129011643 0 3.1166000000021525
31 10 3.120197362945588 0.0018026370565760175 1 3.1228000000021656
31 3 3.1294660754322665 0.0017339245699168337 1 3.132000000002185
38 5 3.1313303583130314 0.001769641689155943 0 3.133900000002189
23 1 3.1346475728579075 0.0017524271442868056 0 3.137200000002196
31 7 3.1479133299294397 0.001786670072782659 0 3.150500000002224
30 9 3.149007209514791 0.0017927904874337486 0 3.1516000000022264
32 10 3.149639194090014 0.00176080591221206 1 3.1522000000022277
38 4 3.1572722869768866 0.0018277130253556706 0 3.159900000002244
24 1 3.174184456107315 0.0018155438949629676 0 3.1768000000022796
39 5 3.178398899288672 0.0018011007136147228 0 3.1810000000022884
36 8 3.1876439111441783 0.0017560888581278356 0 3.190200000002308
25 1 3.201449991208018 0.0017500087943171927 0 3.204000000002337
32 3 3.2041008292493296 0.001799170753011392 1 3.2067000000023427
23 2 3.2174223272291336 0.0017776727732354836 1 3.2200000000023707
26 1 3.223221728531708 0.0017782714706733316 0 3.225800000002383
33 0 3.2570370146121603 0.0017629853902922932 0 3.2596000000024543
40 5 3.268594309953911 0.0018056900485659 0 3.271200000002479
31 9 3.273455242788212 0.0017447572142752499 0 3.276000000002489
24 2 3.285385770035283 0.0018142299672296858 1 3.2880000000025142
32 9 3.290252361145901 0.0017476388566217693 0 3.2928000000025244
39 4 3.2987369207384085 0.0017630792641321058 0 3.3013000000025423
25 11 3.3134435021313484 0.0017564978712232282 0 3.3160000000025733
32 7 3.322004111658985 0.00179588834360489 0 3.3246000000025915
33 7 3.326579795234937 0.0018202047676623145 0 3.329200000002601
33 10 3.328577479293153 0.001822520709450881 1 3.3312000000026054
25 2 3.3288830685559088 0.001816931446695591 1 3.331900000002607
33 3 3.3335911547934094 0.001808845209204879 1 3.336200000002616
27 1 3.3366590994928167 0.001740900509803911 0 3.3392000000026223
34 10 3.3381708915177626 0.001829108484861397 1 3.3408000000026257
26 2 3.3432824154187903 0.0018175845838444005 1 3.3459000000026364
33 9 3.3618600536472876 0.0017399463553862127 0 3.3644000000026755
34 3 3.3693562919608606 0.0017437080418289952 1 3.3719000000026913
40 4 3.371633510678531 0.001766489324163345 0 3.374200000002696
37 8 3.3849156696043825 0.0017843303983400283 0 3.387500000002724
35 3 3.3873149176219854 0.0017850823807421534 1 3.3899000000027293
34 0 3.3885641771116912 0.0017358228910389073 0 3.391100000002732
34 7 3.444883845266275 0.0018161547365740383 0 3.447500000002851
35 0 3.4456799690267927 0.0018200309760580957 0 3.4483000000028525
36 3 3.447188424359488 0.0019115756433660813 1 3.449900000002856
34 9 3.44807246303785 0.001827536965005816 0 3.4507000000028576
36 0 3.453380360240022 0.00181963976284516 0 3.4560000000028688
35 9 3.4619063563764416 0.0017936436264434086 0 3.4645000000028867
41 4 3.4638068716526043 0.0017931283502847783 0 3.4664000000028907
35 7 3.47459054558774 0.001809454415171885 0 3.4772000000029135
37 3 3.4816570587148563 0.0017429412880702877 1 3.4842000000029283
42 4 3.488923506009343 0.0017764939935989155 0 3.4915000000029437
34 6 3.4914694850226935 0.0018305149802539944 0 3.494100000002949
26 11 3.491761761875201 0.0018382381277470827 0 3.4948000000029507
43 4 3.5077840838984793 0.0018159161045026018 0 3.5104000000029836
41 5 3.512029081334505 0.001770918668485777 0 3.5146000000029924
28 1 3.5371406670724257 0.0017593329306180294 0 3.5397000000030454
27 11 3.539178770344865 0.00182122965818321 0 3.54180000000305
38 3 3.543358522606087 0.0017414773969699482 1 3.5459000000030585
36 9 3.5453254547099555 0.0017745452931055006 0 3.5479000000030627
29 1 3.5533692308161418 0.0018307691869363651 0 3.55600000000308
30 1 3.555364336041038 0.001735663962044054 0 3.557900000003084
37 9 3.575562862863325 0.001737137139799838 0 3.5781000000031264
35 10 3.592364559995924 0.001735440007236022 1 3.594900000003162
27 2 3.592351619959345 0.0020483800438158006 1 3.5956000000031634
39 3 3.59515011737551 0.0017498826276560742 1 3.597700000003168
31 1 3.5957078812087544 0.001792118794412989 0 3.598300000003169
38 9 3.6004197454149978 0.0017802545881795417 0 3.603000000003179
28 11 3.628173860308849 0.0018261396943870523 0 3.6308000000032377
36 7 3.630711937106878 0.0017880628963631295 0 3.633300000003243
40 3 3.6415343083185086 0.0017656916847554882 1 3.6441000000032657
37 0 3.650093627475351 0.0018063725279313658 0 3.652700000003284
32 1 3.6557222824096334 0.0017777175936606326 0 3.6583000000032957
39 9 3.659795201352915 0.001804798650387518 0 3.6624000000033043
37 7 3.6768665750845844 0.0017334249187541673 0 3.67940000000334
38 7 3.6858225851911603 0.0017774148121971756 0 3.688400000003359
44 4 3.6924202029482838 0.001779797055087684 0 3.695000000003373
39 7 3.693139542475927 0.0017604575274461354 0 3.6957000000033746
42 5 3.693371000451792 0.001828999551581667 0 3.6965000000033763
38 0 3.694715042822406 0.0017849571809702702 0 3.697300000003378
40 7 3.701705753412467 0.0017942465909239758 0 3.7043000000033928
33 1 3.7382029360873337 0.0017970639161344337 0 3.74080000000347
39 0 3.7429409068418202 0.0017590931616577876 0 3.7455000000034797
45 4 3.751065083462672 0.0017349165408231393 0 3.753600000003497
35 6 3.763774098097638 0.001825901905883942 0 3.766400000003524
40 0 3.7764731107037823 0.0018268892997665986 0 3.7791000000035506
34 1 3.7803647010075556 0.0017352989960013332 0 3.7829000000035586
36 10 3.787238750727049 0.0017612492765226584 1 3.789800000003573
40 9 3.7895536822177274 0.0017463177858489942 0 3.792100000003578
41 7 3.7940579222598956 0.0017420777436902846 0 3.7966000000035875
46 4 3.7960781004535136 0.001821899550076722 0 3.798700000003592
35 1 3.8021430238447014 0.0017569761589015798 0 3.8047000000036046
29 11 3.8060022286172392 0.001797771386371938 0 3.808600000003613
36 6 3.8382519956202135 0.0017480043834656733 0 3.840800000003681
41 9 3.8433237256869983 0.001776274316691584 0 3.8459000000036916
30 11 3.8435656320793967 0.0018343679242938116 0 3.846600000003693
28 2 3.8462926918511062 0.0018073081525900037 1 3.848900000003698
41 0 3.8526085424902203 0.001791457513489192 0 3.855200000003711
42 9 3.854558229391606 0.0017417706121074517 0 3.8571000000037152
37 6 3.855433729867913 0.00176627013580255 0 3.858000000003717
31 11 3.8747684675037375 0.0018315325000188842 0 3.877400000003758
43 9 3.8804111363825355 0.0017888636212326503 0 3.88300000000377
38 8 3.886584229706887 0.0018157702968943923 0 3.889200000003783
29 2 3.8914592645016337 0.0017407355021576976 1 3.894000000003793
37 10 3.9034741825904047 0.0018258174134122562 1 3.9061000000038186
47 4 3.9069753972156587 0.0018246027881656524 0 3.909600000003826
42 7 3.915703702083566 0.0017962979202765794 0 3.9183000000038444
38 6 3.9241830965558675 0.0018169034479931234 0 3.9268000000038623
43 7 3.9293915854487755 0.0018084145550960606 0 3.9320000000038733
36 1 3.9315040504183734 0.0017959495855026653 0 3.9341000000038777
37 1 3.9347696172588584 0.0018303827450245613 0 3.9374000000038847
44 9 3.936881865871631 0.0018181341322565103 0 3.939500000003889
39 6 3.9475887086907204 0.001811291313189578 0 3.9502000000039117
38 10 3.9523932669509403 0.0018067330529798475 1 3.955000000003922
30 2 3.956556748556732 0.0017432514471966698 1 3.9591000000039305
45 9 3.957704676220134 0.0017953237837970981 0 3.960300000003933
39 8 3.957870371269508 0.0019296287344241492 0 3.9610000000039345
42 0 3.959092096581019 0.00180790342291548 0 3.961800000003936
32 11 3.95977045268873 0.0018295473152059039 0 3.962600000003938
38 1 3.992641510059485 0.00175848994451977 0 3.9952000000040067
31 2 3.9958446680949877 0.0017553319090239938 1 3.9984000000040134
40 8 4.015142324788181 0.0017576752157957287 0 4.017700000003975
41 3 4.018671134228666 0.0018288657753027238 1 4.021300000003967
40 6 4.019915526311535 0.0017844736924308435 0 4.022500000003964
39 1 4.02235019110229 0.0017498089016703133 0 4.024900000003958
44 7 4.02939525203447 0.00180474796947383 0 4.032000000003942
45 7 4.035059753223417 0.0017402467805132105 0 4.037600000003929
43 0 4.037642505589578 0.0017574944143463611 0 4.040200000003923
40 1 4.064526179084027 0.001773820919835245 0 4.06710000000386
41 8 4.074922167828088 0.0017778321757493387 0 4.077500000003836
48 4 4.091479049856877 0.0018209501469215184 0 4.094100000003797
41 6 4.098228398788907 0.0017716012148758509 0 4.100800000003781
49 4 4.099585190323845 0.001814809679935081 0 4.102200000003778
32 2 4.118691371551896 0.001808628451839489 1 4.121300000003734
39 10 4.119344748673366 0.001755251330368246 1 4.122100000003732
46 7 4.138317156098254 0.0017828439054357048 0 4.140900000003688
50 4 4.151848902094482 0.00175109790917638 0 4.1544000000036565
43 5 4.170719296076047 0.0017807039275670178 0 4.1733000000036125
44 5 4.193416103138066 0.0017838968654952936 0 4.1960000000035595
40 10 4.19835223783374 0.0017477621698098744 1 4.200900000003548
42 8 4.22368321616526 0.0018167838382305845 0 4.226300000003489
41 1 4.226232336883215 0.00176766312026988 0 4.228800000003483
33 2 4.240497161697207 0.001802838306244503 1 4.24310000000345
43 8 4.2507163667298276 0.0017836332736003158 0 4.253300000003426
44 0 4.251406998857541 0.0017930011458853201 0 4.254100000003424
33 11 4.252716879495681 0.0017831205077420975 0 4.255300000003421
47 7 4.254780607998103 0.0018193920053155566 0 4.2574000000034165
42 1 4.262376903452135 0.0018230965512655573 0 4.265000000003399
45 0 4.287928055188886 0.0017719448144548622 0 4.290500000003339
34 11 4.294909592293364 0.0017904077099606397 0 4.297500000003323
51 4 4.301061652973496 0.0017383470298142356 0 4.303600000003309
46 0 4.303618961434394 0.0017810385689109864 0 4.306200000003303
47 0 4.307126467273499 0.0017735327297971892 0 4.309700000003295
42 3 4.317134774563151 0.0017652254401223644 1 4.319700000003271
52 4 4.319691322858183 0.0018086771450844807 0 4.322300000003265
45 5 4.3337769802323125 0.0018230197709216966 0 4.336400000003232
42 6 4.334692143465103 0.0018078565381287603 0 4.33730000000323
43 6 4.336266522802344 0.001833477200884559 0 4.3389000000032265
41 10 4.349111540515917 0.0017884594872814574 1 4.351700000003197
48 0 4.359677409903249 0.0018225900999251365 0 4.362300000003172
42 10 4.381554560100356 0.0017454399027672096 1 4.384100000003121
46 9 4.3837096594799245 0.0017903405231933789 0 4.386300000003116
35 11 4.405478841401828 0.0018211586012393255 0 4.408100000003065
43 10 4.407825098133988 0.0017749018690738083 1 4.41040000000306
47 9 4.411913681041947 0.001786318961105593 0 4.41450000000305
46 5 4.423765903151431 0.0017340968515933142 0 4.426300000003023
36 11 4.427340305949475 0.001759694053541594 0 4.429900000003014
34 2 4.4311351811972015 0.0017648188058059233 1 4.433700000003006
37 11 4.4409188148285175 0.0017811851744671259 0 4.443500000002983
44 10 4.4410077730927116 0.0020922269102721103 1 4.443800000002982
38 11 4.4735887881351815 0.001811211867726925 0 4.4762000000029065
48 9 4.484572716915617 0.0018272830872660961 0 4.487200000002881
43 1 4.485031001872281 0.0017689981306006075 0 4.488000000002879
49 0 4.485798334255076 0.0018016657478039377 0 4.488700000002877
47 5 4.486038829300835 0.001961170702044157 0 4.4895000000028755
50 0 4.490697840949379 0.0018021590534891274 0 4.493300000002867
51 0 4.491219716192535 0.0012802838103338487 0 4.493300000002867
45 10 4.500184692339524 0.0018153076633220522 1 4.5028000000028445
52 0 4.503722415806617 0.0017775841962208716 0 4.506300000002836
48 5 4.504570604610497 0.0018293953923391726 0 4.507200000002834
53 0 4.519180215999017 0.0018197840037847968 0 4.5218000000028
44 8 4.521327934255469 0.0017720657473283552 0 4.523900000002795
49 9 4.526918427056725 0.0017815729460588514 0 4.529500000002782
39 11 4.55111904721307 0.0017809527896579525 0 4.553700000002726
45 8 4.562839341045573 0.0017606589571270703 0 4.565400000002699
44 6 4.576623240812437 0.0017767591902311253 0 4.5792000000026665
53 4 4.579820347152692 0.001779652849968727 0 4.582400000002659
40 11 4.580108155276445 0.001891844726214842 0 4.583200000002657
43 3 4.587548632035412 0.0017513679672305216 1 4.590100000002641
46 8 4.598415314505561 0.0017846854970562376 0 4.601000000002616
35 2 4.599189513795596 0.0018104862070194017 1 4.601800000002614
54 4 4.6014139231326014 0.00178607687000909 0 4.604000000002609
54 0 4.604618036667267 0.0017819633353362008 0 4.607200000002601
36 2 4.6197339956761985 0.0017660043263694192 1 4.622300000002566
46 10 4.626736824848083 0.0017631751544682217 1 4.62930000000255
49 5 4.640604727260038 0.0017952727424814796 0 4.643200000002517
47 8 4.648195285878135 0.0018047141243666687 0 4.6508000000025
41 11 4.6507791937677325 0.001820806234762884 0 4.6534000000024935
48 7 4.654743353935041 0.001756646067445189 0 4.6573000000024845
47 10 4.654830575161332 0.0020694248411530225 1 4.657600000002484
50 5 4.6700728965003515 0.0018271035020989146 0 4.672700000002449
48 8 4.671879853859779 0.0018201461426672338 0 4.674500000002444
50 9 4.678254897020548 0.0017451029818831287 0 4.68080000000243
48 10 4.6939116020580025 0.0017883979443924503 1 4.696500000002393
45 6 4.694585455435978 0.001814544566415499 0 4.6972000000023915
49 7 4.709571071823483 0.0018289281788756995 0 4.7122000000023565
42 11 4.710165961758426 0.0017340382439314794 0 4.713000000002355
43 11 4.7168923158218785 0.001807684180462843 0 4.7195000000023395
55 4 4.735607269961247 0.0017927300410507385 0 4.738200000002296
51 9 4.744229319899456 0.0017706801028216645 0 4.746800000002276
44 11 4.748696059094141 0.0018039409081263003 0 4.751300000002265
44 1 4.749860755879113 0.0017392441231516287 0 4.752400000002263
49 10 4.752453753946396 0.0017462460558625992 1 4.755000000002257
51 5 4.779210217357074 0.0017897826451225285 0 4.781800000002194
50 7 4.779895570812179 0.0018044291900158882 0 4.782600000002192
45 1 4.813675702229979 0.0018242977721367737 0 4.816300000002114
37 2 4.815769922571971 0.0018300774301396316 1 4.818400000002109
46 1 4.8252885803564025 0.0018114196456862075 0 4.827900000002087
56 4 4.829239353159167 0.00176064684291255 0 4.831800000002078
55 0 4.8311595947885 0.0017404052135754355 0 4.833700000002073
56 0 4.839798412658427 0.0018015873436283414 0 4.842400000002053
57 4 4.841033310521132 0.0017666894809202915 0 4.84360000000205
52 5 4.841706036350802 0.0017939636512487311 0 4.844400000002048
46 6 4.842140856271008 0.001759143731041135 0 4.845100000002047
58 4 4.84382234060932 0.0017776593927258943 0 4.846400000002044
47 1 4.86340294217563 0.0017970578263701853 0 4.866000000001998
47 6 4.864334463166545 0.0017655368354532186 0 4.866900000001996
44 3 4.8705131366385945 0.0017868633633888464 1 4.8731000000019815
53 5 4.87725236031926 0.0017476396827076357 0 4.879800000001966
48 1 4.892170701493415 0.0018292985085182067 0 4.894800000001931
59 4 4.907219001685567 0.0017809983163310505 0 4.909800000001896
57 0 4.921926921775759 0.0017730782261047295 0 4.924500000001862
58 0 4.9426085831105695 0.001791416891245845 0 4.9452000000018135
38 2 4.955916922940944 0.0017830770608400215 1 4.9585000000017825
39 2 4.958303783561703 0.0017962164400753267 1 4.960900000001777
48 6 4.965747201905553 0.00175279809620843 0 4.96830000000176
49 1 4.965802540035382 0.0020974599663787785 0 4.969100000001758
59 0 4.969083312685934 0.0018166873158191876 0 4.971700000001752
50 10 4.970892255823761 0.0018077441779880132 1 4.9735000000017475
49 8 4.9724097170319075 0.0018902829698381751 0 4.975100000001744
50 8 4.976936821456702 0.0017631785450333837 0 4.9795000000017335
