#15 ONUs
# id src init_time waited_time freq processed_time
0 0 0.01096236057325416 0.0017376394267458184 0 0.013499999999999974
0 7 0.015228748742117673 0.0017712512578822795 0 0.017799999999999948
1 7 0.021970776691202742 0.0018292233087971697 0 0.024599999999999907
1 0 0.04001156174476117 0.001788438255239 0 0.04260000000000019
0 6 0.06345630285497986 0.0017436971450209837 0 0.06600000000000086
0 14 0.07544660442155979 0.0017533955784413968 0 0.07800000000000121
0 12 0.08354209736593857 0.0017579026340628495 0 0.08610000000000144
0 11 0.08475273216185866 0.001747267838142788 0 0.08730000000000147
0 10 0.1142099295372117 0.0017900704627906022 0 0.11680000000000232
1 11 0.11448795822361459 0.0018120417763877184 0 0.11750000000000234
0 4 0.12068121789748305 0.0018187821025194284 0 0.1233000000000025
1 10 0.12395222357501957 0.0017477764249829025 0 0.1265000000000024
2 10 0.1395472206010855 0.0017527793989152718 0 0.14210000000000067
0 5 0.1440244241615176 0.0017755758384826736 0 0.14660000000000017
0 8 0.1443430857730623 0.001856914226937928 1 0.14690000000000014
2 0 0.14929450519378104 0.0018054948062186382 0 0.1518999999999996
3 0 0.15637274145319302 0.0018272585468058766 0 0.1589999999999988
0 9 0.17299061675758856 0.0018093832424085077 1 0.17559999999999698
0 13 0.19080122953571094 0.0017987704642841718 1 0.19339999999999502
1 13 0.2234747677609847 0.0018252322390067965 1 0.22609999999999142
0 1 0.2337978715252703 0.0018021284747200828 1 0.23639999999999028
2 11 0.23710958422263717 0.0017904157773528384 0 0.23969999999998992
1 5 0.23845159451386377 0.0017484054861260923 0 0.24099999999998978
3 10 0.2526052202108367 0.0017947797891516015 0 0.2551999999999882
2 13 0.2572834822490471 0.0018165177509406605 1 0.2598999999999877
3 11 0.26388226730006953 0.0018177326999175292 0 0.26649999999998697
0 2 0.2678426385464561 0.0017573614535305038 1 0.27039999999998654
3 13 0.2832080973482649 0.0017919026517200232 1 0.28579999999998484
4 13 0.28453444965212416 0.000465550347860777 1 0.28579999999998484
1 4 0.2864389867527726 0.0017610132472120066 0 0.2889999999999845
1 2 0.2993462315268346 0.0017537684731485648 1 0.30189999999998307
1 9 0.30272411794492937 0.0017758820550534127 1 0.3052999999999827
2 2 0.3121642470062679 0.0017357529937138683 1 0.31469999999998166
2 4 0.321442782867251 0.0017572171327297492 0 0.32399999999998064
0 3 0.3236922825238254 0.0018077174761550463 1 0.3262999999999804
2 7 0.3254323750752154 0.001767624924764899 0 0.3279999999999802
2 5 0.32867621131635677 0.001823788683623151 0 0.33129999999997983
1 1 0.3296035785675923 0.0017964214323875072 1 0.33219999999997973
4 11 0.3353149667055931 0.001785033294386118 0 0.3378999999999791
2 9 0.341194504095082 0.0018054959048965369 1 0.34379999999997846
1 12 0.35618360934479487 0.0018163906551820208 0 0.3587999999999768
4 10 0.3656486030008824 0.0017513969990934353 0 0.36819999999997577
3 2 0.373873097061136 0.0018269029388389701 1 0.37649999999997485
3 4 0.37631187319608433 0.0017881268038903442 0 0.3788999999999746
1 14 0.39091199320730863 0.0017880067926644427 0 0.393499999999973
3 9 0.40031675396881966 0.0017832460311523746 1 0.40289999999997195
1 6 0.40088830401759057 0.0018116959823814005 0 0.4034999999999719
4 2 0.4013045868019245 0.0017954131980474353 1 0.40389999999997184
1 3 0.411632465860621 0.001767534139349769 1 0.4141999999999707
5 10 0.414579132846046 0.001820867153924488 0 0.4171999999999704
2 3 0.4290831822648877 0.0018168177350811887 1 0.4316999999999688
2 12 0.4335868235107603 0.0018131764892080904 0 0.4361999999999683
3 7 0.4360509171866658 0.0017490828133023273 0 0.438599999999968
1 8 0.4457621875160831 0.0017378124838839382 1 0.44829999999996695
4 7 0.44580045768803944 0.0017995423119275822 0 0.44839999999996694
2 8 0.45252370877221865 0.0017762912277476395 1 0.4550999999999662
5 2 0.4525787327847982 0.0021212672151680323 1 0.4558999999999661
6 10 0.4541775900869425 0.001822409913023626 0 0.456799999999966
4 9 0.4546119069279741 0.0017880930719919585 1 0.45719999999996597
3 3 0.4758514001584072 0.0017485998415565085 1 0.47839999999996363
4 3 0.47842957301396066 0.001770426986002771 1 0.48099999999996335
5 3 0.48925499133609707 0.0017450086638651774 1 0.49179999999996216
2 6 0.4933276259463568 0.0017723740536049748 0 0.4958999999999617
5 13 0.5061790958335521 0.0018209041664082326 1 0.5087999999999603
3 12 0.5135685161509538 0.0018314838490057772 0 0.5161999999999595
5 9 0.5171908170175508 0.0018091829824083971 1 0.5197999999999591
3 6 0.519662135466949 0.0017378645330099474 0 0.5221999999999588
4 4 0.5246369490557248 0.0017630509442335685 0 0.5271999999999583
5 4 0.5262885781770742 0.001811421822883963 0 0.5288999999999581
4 0 0.5286647809705837 0.0017352190293742353 0 0.5311999999999578
6 4 0.5305680470556003 0.0018319529443573401 0 0.5331999999999576
7 4 0.5361372553580285 0.0017627446419286041 0 0.538699999999957
4 12 0.5489217065578105 0.0017782934421451957 0 0.5514999999999556
5 0 0.5589936719414598 0.0018063280584947883 0 0.5615999999999545
8 4 0.5645421819007612 0.0017578180991927317 0 0.5670999999999539
7 10 0.5648897341458271 0.0018102658541268024 0 0.5678999999999538
2 1 0.5679164800954621 0.0017835199044914374 1 0.5704999999999535
4 6 0.5763914049047459 0.0018085950952066998 0 0.5789999999999526
5 11 0.5792839063747645 0.0018160936251878645 0 0.5818999999999522
6 0 0.5858354317817314 0.0017645682182202416 0 0.5883999999999515
6 11 0.604756668905493 0.0017433310944565683 0 0.6072999999999494
6 9 0.6060739115513313 0.0018260884486180906 1 0.6086999999999493
7 11 0.6145521913608132 0.001747808639135262 0 0.6170999999999484
2 14 0.6275022961051545 0.0017977038947925017 0 0.6300999999999469
9 4 0.629403938093299 0.0017960619066478278 0 0.6319999999999467
8 10 0.6315525979752686 0.0017474020246779354 0 0.6340999999999465
6 13 0.6378009856823041 0.001799014317641734 1 0.6403999999999458
7 0 0.6436245784247152 0.0017754215752300295 0 0.6461999999999452
7 13 0.6435851876957533 0.002214812304191849 1 0.6464999999999451
10 4 0.6506700855818957 0.0018299144180488058 0 0.6532999999999444
8 0 0.653207631348153 0.0017923686517912207 0 0.6557999999999441
7 9 0.6634101823663039 0.001789817633639168 1 0.665999999999943
9 10 0.6725849189768212 0.0018150810231208903 0 0.675199999999942
8 9 0.6954183226558535 0.0017816773440860745 1 0.6979999999999394
9 9 0.7091164196481445 0.00178358035179349 1 0.7116999999999379
10 9 0.7098691986014639 0.0010308013984741127 1 0.7116999999999379
11 4 0.713328734923478 0.0017712650764595272 0 0.7158999999999375
10 10 0.7293751488596656 0.0018248511402702006 0 0.7319999999999357
3 14 0.7300159388097941 0.0017840611901416281 0 0.7327999999999356
8 11 0.7360968034579596 0.0018031965419754714 0 0.738699999999935
3 1 0.7573809147202095 0.0018190852797231871 1 0.7599999999999326
9 11 0.7633011556042892 0.001798844395642818 0 0.765899999999932
4 1 0.7685944930661556 0.0018055069337759022 1 0.7711999999999314
11 10 0.7800878071558166 0.0018121928441136026 0 0.7826999999999301
9 0 0.7843276348311334 0.0017723651687963082 0 0.7868999999999297
8 13 0.7846344814178845 0.0018655185820452003 1 0.7871999999999296
5 1 0.8174267492237874 0.0017732507761386573 1 0.819999999999926
10 11 0.8180926024437554 0.0018073975561706535 0 0.8206999999999259
3 5 0.8248862187370174 0.0018137812629078764 0 0.8274999999999252
6 3 0.8267108733482654 0.001789126651659645 1 0.829299999999925
9 13 0.8300614827790397 0.0017385172208850275 1 0.8325999999999246
12 10 0.8354007314056621 0.001799268594262049 0 0.837999999999924
5 7 0.8454658850016137 0.001734114998309333 0 0.8479999999999229
4 5 0.8506214267542591 0.0017785732456633285 0 0.8531999999999224
6 7 0.8507711804448613 0.0020288195550610677 0 0.8539999999999223
5 12 0.8525875134203921 0.0018124865795301481 0 0.8551999999999221
4 14 0.8585932225306312 0.001806777469290366 0 0.8611999999999215
6 2 0.8603645460322473 0.00173545396767405 1 0.8628999999999213
3 8 0.8768722754144436 0.001827724585475976 1 0.8794999999999195
10 13 0.8829128127692836 0.001787187230635312 1 0.8854999999999188
7 7 0.887281527780654 0.0018184722192644553 0 0.8898999999999183
5 14 0.8882709675790673 0.0018290324208509734 0 0.8908999999999182
11 13 0.9014254068010821 0.001774593198834773 1 0.9039999999999168
6 1 0.9223263356117193 0.0017736643881952618 1 0.9248999999999145
10 0 0.9234537941804569 0.0017462058194575025 0 0.9259999999999143
12 4 0.9301061307526025 0.001793869247311175 0 0.9326999999999136
7 2 0.9359424372990012 0.0017575627009118744 1 0.938499999999913
8 7 0.9433587823279022 0.0017412176720100758 0 0.9458999999999121
11 11 0.9453276492729433 0.0017723507269686856 0 0.9478999999999119
11 9 0.9479053212118345 0.0017946787880772641 1 0.9504999999999116
12 13 0.9572311009267079 0.0017688990732027676 1 0.9597999999999106
7 3 0.9607907919958152 0.0018092080040951197 1 0.9633999999999102
12 9 0.9814222602283467 0.0017777397715613708 1 0.983999999999908
4 8 0.9854078548428964 0.0017921451570112046 1 0.9879999999999075
9 7 0.9896300654062099 0.001769934593697231 0 0.992199999999907
11 0 0.9919891674281528 0.001810832571754073 0 0.9945999999999068
5 5 0.9948150075188282 0.001784992481078329 0 0.9973999999999065
13 10 0.9992785891151705 0.0018214108847356414 0 1.001899999999906
12 11 1.002781069006887 0.0018189309930187747 0 1.0053999999999057
13 4 1.0085570969007858 0.0017429030991193972 0 1.011099999999905
8 2 1.0143934290743637 0.001806570925540818 1 1.0169999999999044
14 4 1.0206699586663532 0.0018300413335505805 0 1.0232999999999037
5 6 1.0251360523321176 0.001763947667785759 0 1.0276999999999032
10 7 1.032224321685886 0.0017756783140165933 0 1.0347999999999025
13 13 1.0385970114611276 0.0018029885387742528 1 1.0411999999999018
13 11 1.0407320737341044 0.0017679262657972483 0 1.0432999999999015
9 2 1.051996831123983 0.0018031688759174713 1 1.0545999999999003
7 1 1.0605213251020196 0.0017786748978798617 1 1.0630999999998993
11 7 1.0643762801744476 0.0018237198254513753 0 1.066999999999899
12 0 1.0682555650430452 0.0017444349568533912 0 1.0707999999998985
5 8 1.0750133961935502 0.001786603806347653 1 1.0775999999998978
14 13 1.0850349898781804 0.0017650101217163705 1 1.0875999999998966
12 7 1.0987808387601086 0.0018191612397866486 0 1.1013999999998951
13 0 1.106173826077224 0.001826173922670371 0 1.1087999999998943
15 4 1.1169429816586398 0.0017570183412534135 0 1.1194999999998931
16 4 1.118221526044392 0.0004784739555012685 0 1.1194999999998931
14 11 1.1256991998132606 0.0018008001866316459 0 1.1282999999998922
6 8 1.1327243635957922 0.001775636404099279 1 1.1352999999998914
15 11 1.1328298657719733 0.001770134227918163 0 1.1353999999998914
14 10 1.1332464130825524 0.0017535869173390672 0 1.1361999999998913
13 9 1.1369427568844217 0.0017572431154693202 1 1.139499999999891
17 4 1.14876241189157 0.0017375881083196987 0 1.1512999999998896
8 1 1.1491018894850162 0.001798110514873441 1 1.1516999999998896
15 13 1.1606406544100307 0.001759345589857686 1 1.1631999999998883
6 6 1.1745785259483337 0.0018214740515531957 0 1.1771999999998868
8 3 1.1791782090652376 0.001821790934648737 1 1.1817999999998863
7 8 1.1822697379637563 0.0018302620361296817 1 1.184899999999886
16 13 1.1844337171883041 0.0017662828115816431 1 1.1869999999998857
13 7 1.1863982804249062 0.0018017195749793213 0 1.1889999999998855
10 2 1.1886237536284934 0.001776246371391954 1 1.1911999999998852
7 6 1.1918975929954179 0.0018024070044670992 0 1.1944999999998849
8 6 1.1921093858667045 0.0015906141331805124 0 1.1944999999998849
14 9 1.1931783040075932 0.0018216959922916498 1 1.1957999999998847
6 12 1.217403255584661 0.001796744415221152 0 1.219999999999882
6 5 1.2182688893754203 0.0018311106244617292 0 1.220899999999882
14 7 1.2226550542614731 0.0017449457384084432 0 1.2251999999998815
7 12 1.2345435842536887 0.0017564157461915642 0 1.2370999999998802
18 4 1.2372955378615458 0.0018044621383341841 0 1.2398999999998799
17 13 1.2373414966725083 0.0021585033273716636 1 1.2401999999998798
8 8 1.251501407754181 0.0017985922456973391 1 1.2540999999998783
8 12 1.2577977629655654 0.0018022370343122596 0 1.2603999999998776
9 1 1.26103683643187 0.0017631635680073199 1 1.2635999999998773
9 8 1.2612834532817347 0.0019165467181425644 1 1.2643999999998772
9 6 1.271229810655331 0.0017701893445452033 0 1.2737999999998761
14 0 1.2785393836560495 0.0017606163438259603 0 1.2810999999998753
7 5 1.2902728879891088 0.0018271120107653527 0 1.292899999999874
15 10 1.2984169687220555 0.0017830312778177593 0 1.3009999999998731
6 14 1.3027749944501532 0.0018250055497195383 0 1.3053999999998727
10 1 1.3126259027740532 0.0017740972258184495 1 1.3151999999998716
10 6 1.3241124639474882 0.0017875360523822437 0 1.3266999999998703
9 3 1.3269409603545113 0.0017590396453588397 1 1.32949999999987
11 6 1.3271124950730258 0.0017875049268443188 0 1.32969999999987
15 0 1.3297404625950031 0.0017595374048666734 0 1.3322999999998697
11 1 1.3395877257348063 0.0018122742650623636 1 1.3421999999998686
10 3 1.360990048448465 0.0018099515514014008 1 1.3635999999998663
18 13 1.36171458060862 0.0017854193912463234 1 1.3643999999998662
7 14 1.3700508586228117 0.0017491413770536202 0 1.3725999999998653
8 5 1.3730722821946102 0.0018277178052548138 0 1.375699999999865
11 3 1.3741337785205159 0.0017662214793490172 1 1.3766999999998648
11 2 1.3855652941657295 0.0017347058341341537 1 1.3880999999998636
16 11 1.3885057797624987 0.001794220237364641 0 1.3910999999998632
15 9 1.3970641859919466 0.0017358140079157813 1 1.3995999999998623
8 14 1.3972277533345947 0.0017722466652676516 0 1.3997999999998623
12 1 1.4103648842065752 0.0017351157932856687 1 1.4128999999998608
9 12 1.415433634510878 0.0017663654889823466 0 1.4179999999998603
10 12 1.420575625775601 0.0018243742242587402 0 1.4231999999998597
9 14 1.4320020349750595 0.0017979650247990087 0 1.4345999999998584
16 0 1.4340867745754642 0.0018132254243941048 0 1.4366999999998582
10 14 1.4366938798165634 0.0018061201832946239 0 1.439299999999858
16 9 1.4414599589371022 0.001740041062755271 1 1.4439999999998574
11 12 1.4534559239825304 0.0017440760173257353 0 1.455999999999856
12 2 1.4565537892512377 0.0017462107486181377 1 1.4590999999998557
11 14 1.456787629549531 0.001812370450324785 0 1.4593999999998557
13 1 1.4578137681994026 0.0017862318004531197 1 1.4603999999998556
19 4 1.4687169336431822 0.0017830663566722471 0 1.4712999999998544
15 7 1.4714100087180584 0.0017899912817957997 0 1.473999999999854
16 10 1.4790311509026537 0.001768849097199654 0 1.4815999999998533
12 6 1.4823700576678203 0.001829942332032708 0 1.4849999999998529
17 0 1.4854424284562429 0.0017575715436097816 0 1.4879999999998526
19 13 1.5133585201077129 0.001741479892136688 1 1.5158999999998495
17 10 1.5137728135032182 0.0018271864966312723 0 1.5163999999998494
16 7 1.5141596454695256 0.001840354530323829 0 1.5171999999998493
12 3 1.5224127526382385 0.001787247361610067 1 1.5249999999998485
18 0 1.5278716676419515 0.0018283323578964783 0 1.5304999999998479
17 11 1.5294488405898334 0.001851159410014347 0 1.5320999999998477
13 6 1.5310647932272528 0.001835206772594855 0 1.5336999999998475
19 0 1.548344529558378 0.0017554704414677325 0 1.5508999999998456
17 9 1.5539138251834705 0.0017861748163745528 1 1.556499999999845
18 10 1.5596533641786983 0.001746635821146203 0 1.5621999999998444
14 6 1.5632278998484017 0.0017721001514423573 0 1.565799999999844
12 14 1.5652894040330734 0.0018105959667704674 0 1.5678999999998438
13 3 1.5660261887164526 0.001773811283391158 1 1.5685999999998437
20 0 1.57160683621938 0.001793163780463125 0 1.574199999999843
20 4 1.5745587718237106 0.0017412281761322035 0 1.5770999999998427
14 3 1.5858506955621405 0.0017493044377010492 1 1.5883999999998415
15 3 1.5908903018405272 0.0018096981593138661 1 1.593499999999841
21 0 1.5937950425604694 0.0018049574393712575 0 1.5963999999998406
12 12 1.5948601529907045 0.0017398470091360974 0 1.5973999999998405
9 5 1.6063302776359218 0.0017697223639174808 0 1.6088999999998392
21 4 1.6352987862865347 0.0018012137133014416 0 1.637899999999836
15 6 1.6355614246647714 0.0019385753350646961 0 1.638699999999836
13 2 1.684663663568193 0.0017363364316376195 1 1.6871999999998306
10 5 1.6875138251818778 0.0017861748179526238 0 1.6900999999998303
14 1 1.6944061452708177 0.0017938547290119455 1 1.6969999999998295
14 2 1.698457669918739 0.0017423300810901488 1 1.700999999999829
20 13 1.7227381563831423 0.0017618436166841889 1 1.7252999999998264
10 8 1.7289533364473617 0.0017466635524641116 1 1.7314999999998257
13 14 1.730553824039928 0.0017461759598975668 0 1.7330999999998256
16 3 1.7424138766110608 0.0017861233887634942 1 1.7449999999998242
17 7 1.7472862194090688 0.0018137805907549875 0 1.7498999999998237
18 11 1.7478199954067508 0.0017800045930729258 0 1.7506999999998236
22 0 1.7502666930443738 0.0018333069554496983 0 1.7528999999998234
15 2 1.7522663712488808 0.0017336287509424064 1 1.7547999999998232
18 9 1.7639331712457367 0.0017668287540852923 1 1.7664999999998219
15 1 1.7730059890023715 0.001794010997449469 1 1.7755999999998209
23 0 1.775714588718134 0.001785411281686633 0 1.7782999999998206
18 7 1.7803111332191381 0.001788866780682019 0 1.78289999999982
22 4 1.7873830347117259 0.0018169652880934972 0 1.7899999999998193
24 0 1.797486350355052 0.0018136496447662687 0 1.8000999999998182
19 9 1.8015549844159995 0.0017450155838183434 1 1.8040999999998177
19 7 1.8090871050794493 0.0018128949203677358 0 1.811699999999817
14 14 1.8139800065762293 0.001819993423587185 0 1.8165999999998164
16 2 1.819642836711182 0.001757163288633734 1 1.8221999999998157
21 13 1.8219451784710767 0.001754821528738848 1 1.8244999999998155
23 4 1.8344928890464578 0.0018071109533563945 0 1.837099999999814
11 5 1.8515878975200737 0.0018121024797386198 0 1.8541999999998122
19 11 1.8546815733058943 0.0018184266939176297 0 1.8572999999998119
25 0 1.8586739021095828 0.001826097890228695 0 1.8612999999998114
26 0 1.8677288386363735 0.0017711613634370238 0 1.8702999999998104
24 4 1.8690928842866985 0.0018071157131118731 0 1.8716999999998103
20 7 1.8738559014468972 0.0017440985529126873 0 1.8763999999998098
13 12 1.8886173973089 0.0017826026909082415 0 1.8911999999998081
20 11 1.8926907105795145 0.0018092894202932364 0 1.8952999999998077
21 7 1.89342683180537 0.0017731681944377353 0 1.8960999999998076
22 7 1.8995931101378596 0.001806889861947436 0 1.902199999999807
14 12 1.9066868960841183 0.001813103915687897 0 1.9092999999998062
15 14 1.91066857848118 0.0018314215186256977 0 1.9132999999998057
16 14 1.9122795328339584 0.0018204671658472726 0 1.9148999999998055
16 6 1.9346623031195378 0.0017376968802653714 0 1.937199999999803
11 8 1.9372414912841607 0.0017585087156422041 1 1.9397999999998028
15 12 1.9409476118814168 0.0017523881183856282 0 1.9434999999998024
17 14 1.9584281720797774 0.0017718279200231724 0 1.9609999999998005
17 3 1.9638628517197694 0.001737148280030576 1 1.9663999999997999
23 7 1.965398656093224 0.0018013439065758252 0 1.9679999999997997
19 10 1.970671296198268 0.0018287038015312174 0 1.973299999999799
20 10 1.9718675682466742 0.0006324317531249957 0 1.973299999999799
21 10 1.9770827169061866 0.0018172830936118434 0 1.9796999999997984
24 7 1.9955385199836577 0.001761480016138739 0 1.9980999999997964
20 9 1.9986248479967448 0.0017751520030522272 1 2.0011999999997987
12 5 1.9988919721243197 0.0018080278754779577 0 2.0014999999997993
21 11 2.001299944752914 0.0018000552468886433 0 2.0038999999998044
21 9 2.0020847944580007 0.0018152055418036994 1 2.004699999999806
17 2 2.0067793030702927 0.0018206969295215814 1 2.009399999999816
22 10 2.0103009892055472 0.0017990107942744693 0 2.0128999999998234
13 5 2.014595644441217 0.0018043555586135795 0 2.0171999999998325
18 2 2.0151507431641535 0.0017492568356782812 1 2.0176999999998335
18 14 2.0165334217014275 0.0017665782984073175 0 2.0190999999998365
12 8 2.0184332746140066 0.001766725385832224 1 2.0209999999998405
17 6 2.024127083437081 0.0017729165627700105 0 2.0266999999998525
27 0 2.029911116366914 0.0017888836329489344 0 2.0324999999998647
16 1 2.0332411077059804 0.0017588922938895912 1 2.0357999999998717
22 9 2.0426227770863252 0.0017772229135646356 1 2.0451999999998915
19 14 2.044571168257596 0.001828831742297865 0 2.0471999999998958
20 14 2.0490482673241472 0.0017517326757561236 0 2.051599999999905
18 3 2.052429937637459 0.0017700623624516965 1 2.0549999999999122
28 0 2.0546797223886086 0.0018202776113067642 0 2.057299999999917
13 8 2.055137537816531 0.0017624621833851606 1 2.057699999999918
14 5 2.055888827805476 0.0018111721944418235 0 2.0584999999999196
21 14 2.064459316210143 0.001740683789793085 0 2.0669999999999376
18 6 2.067477361442128 0.0018226385578143933 0 2.070099999999944
17 1 2.0679179651335944 0.0017820348663488694 1 2.070499999999945
22 14 2.0685100539844137 0.001789946015530841 0 2.071099999999946
22 11 2.069634663452433 0.0017653365475136518 0 2.0721999999999485
16 12 2.0902596027827918 0.0017403972171985416 0 2.092799999999992
14 8 2.09479748231212 0.0018025176878802007 1 2.0974000000000017
23 11 2.105158310416775 0.0017416895832469415 0 2.1077000000000234
23 9 2.1211778596269486 0.0018221403731071284 1 2.1238000000000574
15 5 2.1217158332534516 0.001784166746605198 0 2.1243000000000585
18 1 2.1270652536562435 0.0017347463438244226 1 2.1296000000000697
25 7 2.1341130706213924 0.001786929378690516 0 2.1367000000000846
24 11 2.1354675815416364 0.001832418458449503 0 2.1381000000000876
16 5 2.1423598464216767 0.0017401535784236088 0 2.144900000000102
22 13 2.143035031625285 0.0017649683748168776 1 2.1456000000001034
17 5 2.1443648866019065 0.001735113398197985 0 2.146900000000106
23 14 2.146569332282771 0.001830667717338308 0 2.149200000000111
19 1 2.1475367711585056 0.001763228841605624 1 2.150100000000113
26 7 2.1629223633620325 0.0017776366381112574 0 2.1655000000001454
19 6 2.173628320943723 0.001771679056443265 0 2.176200000000168
29 0 2.1793707322624734 0.001829267737705198 0 2.1820000000001802
24 14 2.1819403533930672 0.0017596466071165828 0 2.1845000000001855
24 9 2.184630085711058 0.0017699142891314246 1 2.187200000000191
25 4 2.1908631569979837 0.0017368430022188797 0 2.1934000000002043
15 8 2.197171019185764 0.0018289808144520414 1 2.199800000000218
16 8 2.19842823728956 0.0005717627106562873 1 2.199800000000218
23 13 2.1987216668251155 0.0018783331751039967 1 2.201400000000221
30 0 2.2128195119741165 0.0017804880261325096 0 2.2154000000002507
25 11 2.2280445073138893 0.0017554926863918574 0 2.230600000000283
17 8 2.233617239615652 0.00178276038464098 1 2.2362000000002946
27 7 2.236484788812577 0.0018152111877220989 0 2.2391000000003007
31 0 2.2419038390738977 0.001796160926412771 0 2.244500000000312
17 12 2.244595220336909 0.0018047796634070856 0 2.247200000000318
32 0 2.2560361016438946 0.0017638983564456368 0 2.258600000000342
18 5 2.2562488514567978 0.0018511485435430686 0 2.2593000000003434
18 8 2.2581469276741983 0.0017530723261462988 1 2.2607000000003463
24 13 2.2618289416136954 0.0017710583866570317 1 2.264400000000354
18 12 2.265077644680398 0.001822355319961222 0 2.267700000000361
28 7 2.268646067903828 0.001753932096538957 0 2.2712000000003685
20 6 2.2690832172086814 0.0018167827916863999 0 2.27190000000037
33 0 2.2695953270369524 0.0018046729634164649 0 2.2727000000003716
19 5 2.272853288035299 0.001746711965076475 0 2.2754000000003773
25 13 2.2768932805257296 0.0018067194746547166 1 2.279500000000386
34 0 2.294749269470948 0.0017507305294737208 0 2.2973000000004236
25 9 2.3074283709649115 0.001771629035537181 1 2.3100000000004504
26 9 2.3082190718823683 0.0009809281180803708 1 2.3100000000004504
35 0 2.308184422625123 0.0018155773753272264 0 2.310800000000452
26 4 2.31138608324632 0.0018139167541373347 0 2.314000000000459
29 7 2.3120887384443045 0.0018112615561540757 0 2.3147000000004603
19 2 2.3134869188398746 0.0018130811605869823 1 2.3161000000004632
20 2 2.3148834989967666 0.0004165010036949468 1 2.3161000000004632
19 12 2.317972745625973 0.001827254374497933 0 2.3206000000004727
19 3 2.322514817802416 0.001785182198064561 1 2.3251000000004822
26 11 2.322746047151668 0.0017539528488130784 0 2.3253000000004826
30 7 2.332861351983665 0.0017386480168370966 0 2.335400000000504
36 0 2.3434354476144454 0.001764552386079199 0 2.3460000000005263
31 7 2.3458811670927697 0.0018188329077601928 0 2.3485000000005316
20 5 2.3461669917626904 0.0018330082378401613 0 2.349200000000533
21 2 2.356209793882711 0.0017902061178407536 1 2.3588000000005533
20 1 2.3582962443569655 0.0018037556435905877 1 2.3609000000005578
26 13 2.361284319822788 0.001815680177774226 1 2.363900000000564
21 5 2.36279089972618 0.0019091002743856222 0 2.3655000000005675
22 5 2.373451799024029 0.0017482009765590334 0 2.3760000000005896
22 2 2.377528872635143 0.0017711273654534843 1 2.3801000000005983
25 14 2.3816336220208534 0.0017663779797518764 0 2.384200000000607
32 7 2.3851753879106994 0.0018246120899134688 0 2.3878000000006145
27 11 2.3919772121637415 0.0018227878368857198 0 2.394600000000629
27 13 2.398645317097305 0.0017546829033361355 1 2.401200000000643
20 12 2.4070179744371036 0.001782025563555223 0 2.4096000000006605
23 2 2.4078280692237812 0.0017719307768793158 1 2.4104000000006622
23 5 2.414815438069947 0.001784561930728401 0 2.417400000000677
28 11 2.4255487249382535 0.001751275062444435 0 2.4281000000006996
29 11 2.431596928555662 0.001803071445048765 0 2.4342000000007125
24 2 2.4322878523033284 0.0018121476973838035 1 2.434900000000714
20 3 2.4339372257694585 0.001762774231257147 1 2.4365000000007173
27 4 2.4401206595263143 0.0017793404744144148 0 2.4427000000007304
21 1 2.4437443166833237 0.001755683317412604 1 2.446300000000738
19 8 2.4477636408629198 0.0017363591378249943 1 2.4503000000007464
24 5 2.4598223265207664 0.0017776734800039051 0 2.462400000000772
23 10 2.4643704798581476 0.0018295201426323793 0 2.4670000000007817
37 0 2.4668722775700975 0.0018277224306877393 0 2.469500000000787
22 1 2.4685483411799694 0.0017516588208192907 1 2.4711000000007903
26 14 2.488530581480261 0.0017694185205696655 0 2.4911000000008325
27 14 2.495669196161014 0.0018308038398320292 0 2.4983000000008477
28 13 2.4967809404680206 0.0018190595328277936 1 2.49940000000085
28 14 2.501337842804957 0.001762157195901004 0 2.5039000000008595
23 1 2.509826704761127 0.0017732952397486734 1 2.5124000000008775
25 2 2.510546743693756 0.0017532563071211982 1 2.513100000000879
29 14 2.5178695013024557 0.0018304986984372107 0 2.5205000000008946
28 4 2.5379653382593435 0.0017346617415916477 0 2.540500000000937
21 6 2.543034533380077 0.0017654666208688496 0 2.5456000000009475
30 14 2.545054061532387 0.0017459384685629686 0 2.5476000000009518
29 13 2.5544628395583087 0.0017371604426612564 1 2.5570000000009716
21 3 2.5551693853548314 0.001830614646140205 1 2.5578000000009733
22 3 2.563065581987063 0.0017344180139251542 1 2.5656000000009898
27 9 2.5672779481691315 0.0018220518318656787 1 2.569900000000999
20 8 2.5701839487781504 0.001816051222852888 1 2.572800000001005
33 7 2.579124405526703 0.0017755944743189644 0 2.5817000000010237
23 3 2.5849941410708097 0.0018058589302247796 1 2.587600000001036
21 12 2.591429226052947 0.001770773948101212 0 2.5940000000010497
30 13 2.5986355225489848 0.0017644774520784168 1 2.601200000001065
25 5 2.6058085564357496 0.0017914435653287875 0 2.60840000000108
21 8 2.6150443989654004 0.001755601035697385 1 2.6176000000010995
38 0 2.617590306652778 0.0018096933483251476 0 2.620200000001105
26 5 2.621573778039966 0.0018262219611457908 0 2.6242000000011134
22 6 2.6368125918486833 0.001787408152460479 0 2.6394000000011455
31 13 2.6505332916686566 0.0017667083325161315 1 2.6531000000011744
24 3 2.6516623209049692 0.001737679096205813 1 2.6542000000011767
22 12 2.659365173294872 0.0017348267063193035 0 2.661900000001193
24 1 2.6598281565020208 0.0017718434991715881 1 2.662400000001194
26 2 2.6612520426636967 0.0017479573374985513 1 2.663800000001197
32 13 2.6625354945849917 0.001764505416206319 1 2.6651000000011997
34 7 2.6675361934228277 0.0017638065783809331 0 2.6701000000012103
22 8 2.6749452579039446 0.0017547420972796601 1 2.677500000001226
39 0 2.678640817172768 0.001759182828464212 0 2.6812000000012337
23 8 2.6806105708034704 0.0017894291977658128 1 2.683200000001238
25 3 2.6868367701975764 0.0017632298036729388 1 2.689400000001251
23 12 2.68892678725535 0.0017732127459035851 0 2.6915000000012554
27 2 2.693806870747937 0.001793129253327308 1 2.696400000001266
26 3 2.6983875065504974 0.0018124934507763868 1 2.7010000000012755
31 14 2.722243460042334 0.0017565399589898334 0 2.7248000000013257
27 5 2.733098128815373 0.001801871185973969 0 2.7357000000013487
40 0 2.737310432937447 0.001789567063908759 0 2.7399000000013576
32 14 2.7392633013973997 0.0017366986039601962 0 2.7418000000013616
27 3 2.7476849834036696 0.0018150165977082189 1 2.7503000000013795
28 2 2.7485955354475298 0.0018044645538499715 1 2.7512000000013814
24 10 2.7533366004922026 0.0017633995091870247 0 2.7559000000013913
28 3 2.757117468343931 0.0017825316574668904 1 2.7597000000013994
24 8 2.7597144314382067 0.001785568563196449 1 2.762300000001405
25 10 2.7605590193390426 0.0017409806623622792 0 2.7631000000014065
29 3 2.767837844236798 0.001762155764622353 1 2.770400000001422
25 1 2.7694908315310953 0.001809168470328526 1 2.7721000000014255
26 1 2.7768679433968178 0.0018320566046217124 1 2.779500000001441
33 13 2.7941082355560503 0.0017917644454255033 1 2.7967000000014774
28 9 2.7968739366445043 0.0018260633569773255 1 2.7995000000014834
29 9 2.804089941815467 0.0018100581860300835 1 2.8067000000014986
30 3 2.8043017464982016 0.0018982535032958658 1 2.8074000000015
30 9 2.814487265941799 0.0018127340597198227 1 2.8171000000015205
23 6 2.816946262145188 0.001753737856335924 0 2.8195000000015256
34 13 2.8192913796892425 0.0018086203122864575 1 2.8219000000015306
29 4 2.819623229622473 0.001776770379056547 0 2.8222000000015313
33 14 2.832040324946379 0.0017596750551769347 0 2.8346000000015574
31 3 2.8394212040310594 0.0017787959705120038 1 2.842000000001573
27 1 2.855667521396133 0.0018324786054728648 1 2.8583000000016074
26 10 2.8650267684804027 0.0017732315212226624 0 2.867600000001627
30 11 2.866558486163293 0.00184151383833564 0 2.8692000000016304
28 5 2.8674529567595513 0.0017470432420791937 0 2.870000000001632
29 2 2.8688989037468495 0.0019010962547842958 1 2.8716000000016355
29 5 2.871328761857755 0.001771238143883469 0 2.8739000000016404
34 14 2.8819539893595785 0.0017460106420825738 0 2.8845000000016627
31 9 2.8833866067468796 0.0019133932547847898 1 2.886100000001666
30 4 2.8917762237818305 0.001823776219851414 0 2.8944000000016836
30 5 2.892328417223646 0.0017715827780371285 0 2.895100000001685
28 1 2.9038088081724642 0.0017911918292430329 1 2.906400000001709
31 5 2.903852727826063 0.0018472721756443988 0 2.906500000001709
41 0 2.9186752797327964 0.0018247202689423148 0 2.9213000000017404
30 2 2.920309364189924 0.001790635811818042 1 2.9229000000017438
25 8 2.9235636719491005 0.0017363280526483393 1 2.9261000000017505
29 1 2.923969118253914 0.0018308817478360773 1 2.926800000001752
35 13 2.927524010867451 0.0017759891343063217 1 2.930100000001759
31 4 2.930222051620785 0.0017779483809778895 0 2.9328000000017647
24 12 2.9308524097381055 0.0017475902636587826 0 2.933500000001766
26 8 2.938593411084619 0.0018065889171618998 1 2.9412000000017824
24 6 2.9456892261284766 0.0018107738733190715 0 2.9483000000017974
32 5 2.9477813794874868 0.0018186205143133627 0 2.950400000001802
32 4 2.950770003755125 0.0018299962466814534 0 2.953400000001808
42 0 2.9553468857930687 0.0017531142087472418 0 2.9579000000018176
27 8 2.967016447334545 0.0017835526672955737 1 2.9696000000018423
27 10 2.990378012547647 0.0018219874542428904 0 2.9930000000018917
43 0 2.9961249214833643 0.0017750785185377538 0 2.9987000000019037
25 6 2.9979914314618097 0.001808568540096367 0 3.0006000000019077
25 12 3.0081577274738724 0.0017422725280549223 0 3.010700000001929
26 12 3.011831755085672 0.0017682449162630398 0 3.014400000001937
26 6 3.0190975826952724 0.0018024173066781835 0 3.0217000000019523
44 0 3.034112900660174 0.001787099341808318 0 3.036700000001984
32 3 3.0414996102823197 0.0018003897196781082 1 3.0441000000019995
27 6 3.053157687218514 0.0017423127835081154 0 3.055700000002024
27 12 3.05419723138292 0.0018027686191044445 0 3.0568000000020263
32 9 3.059673521656674 0.0018264783453623146 1 3.062300000002038
35 14 3.068926763398893 0.0017732366031628644 0 3.0715000000020574
45 0 3.0717997222900713 0.0018002777119905389 0 3.0744000000020635
33 5 3.0784925943163026 0.0018074056857733112 0 3.0811000000020776
35 7 3.084990686120197 0.001809313881892649 0 3.0876000000020913
31 11 3.086231351530112 0.0017686484719803275 0 3.088800000002094
33 9 3.1000896679763774 0.0018103320257440991 1 3.102700000002123
33 3 3.1071767687878404 0.0018232312142960616 1 3.109800000002138
28 10 3.124682584671711 0.001817415330462424 0 3.127300000002175
29 10 3.1249426549000705 0.001557345102102925 0 3.127300000002175
32 11 3.1355836595060986 0.0018163404960978013 0 3.138200000002198
33 11 3.1496628799840476 0.0017371200181783841 0 3.1522000000022277
34 3 3.1531551768138466 0.001744823188386757 1 3.155700000002235
33 4 3.1566139072742545 0.0017860927279862437 0 3.1592000000022424
35 3 3.175195832795772 0.0018041672065081116 1 3.1778000000022817
31 2 3.183518789155265 0.0017812108470325327 1 3.186100000002299
36 3 3.186530746543025 0.0017692534592788078 1 3.1891000000023055
46 0 3.1942833509696005 0.0018166490327198304 0 3.196900000002322
30 1 3.1961885802842622 0.0018114197180620906 1 3.198800000002326
37 3 3.2130624508252406 0.001737549177119213 1 3.2156000000023615
28 12 3.217669235989222 0.0018307640131478564 0 3.2203000000023714
36 7 3.22959129879331 0.0018087012090846066 0 3.2322000000023965
47 0 3.2401273928840304 0.00177260711838656 0 3.2427000000024186
31 1 3.241460627647328 0.001739372355091806 1 3.2440000000024214
34 9 3.2461886346473263 0.0018113653551035114 1 3.2488000000024315
48 0 3.253144761729687 0.0017552382727572535 0 3.255700000002446
32 1 3.2592619289190243 0.001738071083432935 1 3.261800000002459
35 9 3.261481703160219 0.0018182968422433277 1 3.264100000002464
34 11 3.2723601888142775 0.0017398111882074296 0 3.2749000000024866
30 10 3.279956431080353 0.0017435689221478867 0 3.2825000000025026
38 3 3.3118213024084837 0.001778697594084555 1 3.31440000000257
35 11 3.318582036058922 0.0018179639436604056 0 3.3212000000025843
36 13 3.31922669512333 0.0017733048792538675 1 3.3218000000025856
28 8 3.321570105371781 0.00182989463080796 1 3.3242000000025906
29 8 3.3233295046948315 0.0017704953077610774 1 3.3259000000025942
28 6 3.325603466559066 0.0017965334435312563 0 3.328200000002599
29 12 3.335463812721827 0.0017361872807910572 0 3.3380000000026198
30 8 3.3436261914294803 0.0017738085731551223 1 3.346200000002637
36 14 3.350477730439104 0.0018222695635459196 0 3.3531000000026516
29 6 3.3759539807714467 0.0017460192312568346 0 3.3785000000027052
33 1 3.3776349416533122 0.001765058349394888 1 3.380200000002709
39 3 3.3995367348162175 0.0017632651865358007 1 3.402100000002755
37 14 3.4226729979513526 0.0018270020514496998 0 3.425300000002804
38 14 3.424556407560649 0.0017435924421569382 0 3.427100000002808
37 13 3.4264866547421677 0.0018133452606425848 1 3.429100000002812
34 4 3.427834113221034 0.0017658867817789137 0 3.4304000000028148
34 5 3.442899577149211 0.0018004228536341316 0 3.4455000000028466
36 9 3.450790406670361 0.0018095933325006364 1 3.4534000000028633
30 6 3.4694167618645375 0.001783238138363341 0 3.4720000000029025
34 1 3.4717125787109215 0.0017874212919841703 1 3.4743000000029074
40 3 3.472732951388235 0.001767048614672806 1 3.4753000000029095
35 5 3.4817447124959897 0.0017552875069370977 0 3.4843000000029285
31 6 3.4913371998117646 0.0017628001911824676 0 3.4939000000029488
31 8 3.5054709310126335 0.0018290689903435187 1 3.5081000000029787
36 11 3.506744290017005 0.0017557099859746295 0 3.5093000000029813
32 6 3.511375302444552 0.0018246975584372827 0 3.514000000002991
37 9 3.5135127190988302 0.0017872809041636906 1 3.5161000000029956
37 11 3.5301250238405024 0.0017749761625265315 0 3.5327000000030306
31 10 3.5328976468029105 0.0018023532001243403 0 3.5355000000030365
38 13 3.5417234451046538 0.0017765548983996737 1 3.544300000003055
35 4 3.546357930898285 0.0017420691047780323 0 3.548900000003065
38 11 3.547645896186083 0.0017541038169830436 0 3.5502000000030676
39 14 3.5487610149514204 0.0017389850516478234 0 3.55130000000307
30 12 3.5537068502376177 0.0017931497654610773 0 3.5563000000030804
32 10 3.5574295188422385 0.001770481160848103 0 3.5600000000030882
31 12 3.56192679822968 0.001773201773416222 0 3.5645000000030977
36 5 3.5686423263746168 0.0017576736284934391 0 3.571200000003112
37 5 3.5790050933978304 0.0017949066053017937 0 3.581600000003134
41 3 3.5838912429432233 0.0018087570599192304 1 3.586500000003144
32 8 3.5888064789724545 0.0017935210306982974 1 3.5914000000031545
32 12 3.598496520724398 0.0018034792787751108 0 3.601100000003175
39 13 3.604328530214064 0.0017714697891215714 1 3.6069000000031872
33 6 3.6082276369141555 0.0017723630890382758 0 3.6108000000031955
38 5 3.617073549915854 0.0018264500873583778 0 3.6197000000032142
37 7 3.623691420007475 0.0018085799957514581 0 3.626300000003228
40 14 3.6270745700358904 0.0018254299673432506 0 3.6297000000032353
32 2 3.6363539931935915 0.0017460068096615267 1 3.6389000000032548
35 1 3.6702588964140688 0.0017411035892558324 1 3.6728000000033263
39 11 3.6703400624057263 0.0017599375975985154 0 3.6729000000033265
33 8 3.67545491740285 0.00174508260048567 1 3.6780000000033373
39 5 3.697565852909864 0.0017341470935181569 0 3.700100000003384
41 14 3.697840655826713 0.001759344176669675 0 3.7008000000033854
33 12 3.703462150692002 0.0017378493113926474 0 3.7060000000033964
40 11 3.7085389827060458 0.0017610172973596683 0 3.711100000003407
34 6 3.711661299213527 0.0017387007898848061 0 3.7142000000034137
33 10 3.7245770860920406 0.0018229139113987713 0 3.727200000003441
35 6 3.739742811199781 0.0017571888036904681 0 3.742300000003473
49 0 3.74819802100109 0.00180197900239909 0 3.750800000003491
42 3 3.767179775887675 0.001820224115854252 1 3.769800000003531
41 11 3.773178224960693 0.001821775042849083 0 3.7758000000035437
36 1 3.7814368245932037 0.001763175410355533 1 3.784000000003561
40 5 3.783253701149695 0.0017462988538681223 0 3.7858000000035648
34 12 3.791301198289292 0.0017988017142882562 0 3.793900000003582
38 9 3.803937043806272 0.0017629561973349084 1 3.8065000000036084
43 3 3.8309784986538755 0.0018215013497884236 1 3.8336000000036656
39 9 3.8350636883710827 0.0017363116325896932 1 3.837600000003674
33 2 3.8358388522272926 0.0017611477763814776 1 3.8384000000036758
36 4 3.838612778504273 0.0017872214994070212 0 3.8412000000036817
37 4 3.849402887848594 0.0017971121551085822 0 3.8520000000037045
35 12 3.859016629176888 0.0017833708268351067 0 3.8616000000037247
40 9 3.8614156642196935 0.0017843357840345853 1 3.86400000000373
37 1 3.862222125597147 0.0017778744065828356 1 3.8648000000037315
42 14 3.867408769417627 0.0017912305861136346 0 3.8700000000037424
41 5 3.8692718496158287 0.001828150387916061 0 3.8719000000037465
42 11 3.881784490370561 0.0018155096332099774 0 3.884400000003773
44 3 3.8997690591115104 0.001830940892298738 1 3.902400000003811
38 1 3.900228328240105 0.0017716717637048518 1 3.9031000000038123
36 6 3.912354422269503 0.0017455777343324819 0 3.914900000003837
45 3 3.9223784992685258 0.0018215007353310497 1 3.9250000000038585
42 5 3.9230651092770135 0.001734890726844629 0 3.92560000000386
38 4 3.934541658300562 0.001758341703320454 0 3.937100000003884
34 8 3.93980274208542 0.001797257918473516 1 3.9424000000038952
46 3 3.9517572591741965 0.0017427408297221447 1 3.9543000000039203
34 10 3.9612355415181772 0.0017644584857614554 0 3.9638000000039404
35 8 3.965258096161781 0.0017419038421659927 1 3.967800000003949
43 14 3.9745251188427355 0.0017748811612312565 0 3.9771000000039685
43 5 3.976216050585672 0.0017839494182982918 0 3.978800000003972
41 9 3.9775514416541617 0.0017485583498113577 1 3.980100000003975
35 10 3.9803708240551314 0.0018291759488477943 0 3.983000000003981
39 1 3.985648352642286 0.0017516473617043005 1 3.988200000003992
44 5 3.988915189603487 0.0017848104005100396 0 3.991500000003999
45 5 3.99148435518066 0.0018156448233428435 0 3.9941000000040043
36 8 4.013154139058941 0.0017458609450402562 1 4.01570000000398
46 5 4.031656097500542 0.0017439025033967326 0 4.034200000003937
50 0 4.034189680687513 0.0018103193164193954 0 4.036800000003931
43 11 4.041717650894273 0.001782349109642034 0 4.044300000003913
39 4 4.046790927159262 0.0018090728446411575 0 4.049400000003901
37 8 4.047239717378782 0.0017602826251197357 1 4.0498000000039
40 4 4.052443553112871 0.0017564468910187259 0 4.055000000003888
41 4 4.058662905585044 0.0017370944188312976 0 4.061200000003874
51 0 4.059375245240555 0.001824754763318559 0 4.062000000003872
42 4 4.061314803376346 0.001785196627523078 0 4.063900000003867
38 7 4.0754586022456865 0.0017413977581499651 0 4.078000000003835
38 8 4.076819838980506 0.0017801610233272314 1 4.079400000003831
47 5 4.078634609023817 0.0017653909800117162 0 4.081200000003827
52 0 4.082193154858803 0.0018068451450172773 0 4.084800000003819
43 4 4.089661241697608 0.0017387583061951872 0 4.0922000000038015
44 14 4.093577042150771 0.0018229578530233326 0 4.096200000003792
39 7 4.094507927722391 0.0017920722814013246 0 4.09710000000379
44 4 4.095435265426363 0.0017647345774269851 0 4.098000000003788
44 11 4.0965548597686325 0.0017451402351547074 0 4.099100000003785
53 0 4.096625454238098 0.0020745457656881072 0 4.0999000000037835
42 9 4.102322998028847 0.0017770019749265842 1 4.104900000003772
39 8 4.106224175969697 0.001775824034067952 1 4.108800000003763
37 6 4.11127353306771 0.0018264669360430474 0 4.113900000003751
43 9 4.113602752729597 0.0017972472741503154 1 4.1162000000037455
45 14 4.114516403831816 0.001783596171929247 0 4.117100000003743
48 5 4.116084855576392 0.0018151444273497574 0 4.11870000000374
46 14 4.117114333345229 0.001785666658510543 0 4.119700000003737
45 11 4.117174267271051 0.0021257327326873465 0 4.1205000000037355
45 4 4.119134639575359 0.0017653604283758284 0 4.121700000003733
38 6 4.122332337398476 0.0017676626052507416 0 4.124900000003725
46 11 4.130897931657193 0.0018020683465138632 0 4.133500000003705
40 7 4.137979070491514 0.0018209295121769387 0 4.140600000003689
46 4 4.138076469169828 0.002123530833861409 0 4.141400000003687
36 10 4.145217970838504 0.001782029165169341 0 4.147800000003672
47 4 4.152219907040118 0.0017800929635392038 0 4.154800000003656
36 12 4.1565584324310825 0.0017415675725649393 0 4.1591000000036455
40 8 4.161113128112363 0.0017868718912739112 1 4.163700000003635
40 13 4.165572918311267 0.0018270816923591227 1 4.168200000003624
47 11 4.165728833959757 0.0017711660438690657 0 4.168300000003624
37 10 4.188280066857777 0.0018199331457964263 0 4.190900000003571
40 1 4.2020831283241336 0.0018168716794075834 1 4.204700000003539
37 12 4.2041964510941465 0.0018035489093897183 0 4.206800000003534
44 9 4.208381310779957 0.0018186892235698693 1 4.211000000003525
41 7 4.209255059873039 0.0017449401304858725 0 4.211800000003523
48 11 4.217736595843119 0.0017634041603855621 0 4.220300000003503
39 6 4.218803787880617 0.0017962121228851657 0 4.2214000000035
54 0 4.227116138878736 0.0017838611247471547 0 4.229700000003481
47 3 4.2304713558807014 0.001828644122773504 1 4.233100000003473
47 14 4.231492641147711 0.0018073588557614428 0 4.234100000003471
41 13 4.234988970220497 0.0018110297829672106 1 4.237600000003463
34 2 4.250284171524762 0.0018158284786666812 1 4.252900000003427
48 4 4.2581484307831 0.0017515692203105004 0 4.260700000003409
55 0 4.264197929748207 0.0018020702551897472 0 4.2668000000033945
38 12 4.282641703872652 0.0017582961307018863 0 4.285200000003352
42 7 4.299114267753401 0.0017857322499139627 0 4.301700000003313
56 0 4.306290758214146 0.001809241789151983 0 4.308900000003296
49 4 4.307119478891486 0.0017805211118107067 0 4.309700000003295
42 13 4.311241745232161 0.001758254771125678 1 4.313800000003285
39 12 4.3210654305154 0.0017345694878638795 0 4.323600000003262
38 10 4.3248988724706985 0.0018011275325564569 0 4.327500000003253
41 1 4.324906056524308 0.002193943478945748 1 4.327800000003252
50 4 4.331089274162589 0.0018107258406514504 0 4.333700000003239
48 14 4.3328624464644925 0.0017375535387440522 0 4.335400000003235
49 11 4.342913526369559 0.0017864736336541398 0 4.345500000003211
40 12 4.349880062712119 0.0018199372910778777 0 4.352500000003195
39 10 4.351226872397793 0.001773127605400937 0 4.353800000003192
43 7 4.353786462244117 0.0018135377590704493 0 4.356400000003186
41 8 4.378349880821099 0.0017501191820317175 1 4.380900000003129
49 14 4.387542295259154 0.0017577047439552018 0 4.390100000003107
40 10 4.389634918816793 0.0017650811863108018 0 4.392200000003102
35 2 4.392577986529093 0.001822013474003903 1 4.395200000003095
50 11 4.406672553671331 0.0018274463317329293 0 4.409300000003062
57 0 4.409439217296007 0.0017607827070511561 0 4.412000000003056
40 6 4.413860276126264 0.001739723876784005 0 4.416400000003046
42 1 4.424260162846878 0.0017398371561458958 1 4.426800000003022
58 0 4.443028199781482 0.0017718002214976991 0 4.445600000002978
43 13 4.448942571878718 0.0017574281242476175 1 4.451500000002964
49 5 4.451408269626334 0.001791730376625722 0 4.454000000002958
45 9 4.456284350966595 0.0018156490363541167 1 4.458900000002947
41 10 4.456763002593746 0.001736997409201635 0 4.459300000002946
43 1 4.471231949372112 0.0017680506308019872 1 4.473800000002912
44 7 4.475017225471977 0.0017827745309277887 0 4.477600000002903
48 3 4.501190285932982 0.0018097140698616343 1 4.503800000002842
46 9 4.501316203603158 0.002083796399684701 1 4.50460000000284
42 10 4.509195005844869 0.001804994157956763 0 4.5118000000028236
50 14 4.517294478776461 0.0018055212263456966 0 4.519900000002805
51 14 4.518256511443084 0.0008434885597221609 0 4.519900000002805
50 5 4.532626105367975 0.001773894634795603 0 4.535200000002769
51 11 4.535510137011913 0.0017898629908508212 0 4.538100000002762
49 3 4.538130167247502 0.0017698327552562176 1 4.540700000002756
51 4 4.545416777824463 0.0017832221782780877 0 4.548000000002739
44 13 4.549596511811091 0.0018034881916406675 1 4.552200000002729
59 0 4.549803947347619 0.001796052655111957 0 4.552400000002729
44 1 4.576944617602023 0.0017553824006446561 1 4.579500000002666
41 6 4.589856410206268 0.0017435897963693492 0 4.592400000002636
52 4 4.5921674602399865 0.0018325397626455242 0 4.59480000000263
52 14 4.592625012913067 0.0017749870895640285 0 4.595600000002628
53 14 4.601158589465111 0.0017414105374999878 0 4.603700000002609
60 0 4.622584927400898 0.0018150726016630259 0 4.625200000002559
61 0 4.62463255024553 0.0017674497570263625 0 4.627200000002555
62 0 4.630974832129725 0.0018251678728162801 0 4.63360000000254
51 5 4.6396726364750895 0.0018273635274317357 0 4.642300000002519
47 9 4.653726651500622 0.0017733485018665007 1 4.656300000002487
54 14 4.659745909912858 0.0017540900896166889 0 4.662300000002473
43 10 4.670092845488313 0.001807154514137821 0 4.672700000002449
45 7 4.683797974109832 0.0018020258925863786 0 4.686400000002417
44 10 4.6874438977009705 0.0017561023014396326 0 4.690000000002408
46 7 4.690840771989522 0.0017592280128804205 0 4.6934000000024
45 13 4.695598366320659 0.001801633681732362 1 4.698200000002389
50 3 4.708587546795972 0.0018124532063890086 1 4.711200000002359
42 8 4.719647078380896 0.0017529216214393628 1 4.722200000002333
53 4 4.725875904656515 0.0018240953458050768 0 4.7285000000023185
46 13 4.739057966158609 0.001742033843680879 1 4.741600000002288
43 8 4.7637691786902145 0.0018308213120175054 1 4.76640000000223
47 7 4.765138436288405 0.001761563713824188 0 4.767700000002227
36 2 4.767126739040447 0.0017732609617775452 1 4.7697000000022225
48 7 4.778484839181437 0.0018151608207608305 0 4.781100000002196
47 13 4.789202039456272 0.0017979605459004233 1 4.791800000002171
42 6 4.790310350232296 0.0017896497698739466 0 4.792900000002168
48 13 4.790919577953107 0.0018804220490613588 1 4.793600000002167
49 7 4.7903306482505394 0.002169351751629911 0 4.793700000002167
45 1 4.801567890178284 0.0018321098238596178 1 4.804200000002142
44 8 4.815399402955951 0.0018005970461612009 1 4.81800000000211
50 7 4.816729322027885 0.001770677974223922 0 4.819300000002107
51 7 4.816818981958454 0.0016810180436550581 0 4.819300000002107
54 4 4.828383987677563 0.0018160123245181126 0 4.83100000000208
52 5 4.833684266579086 0.0018157334229833566 0 4.836300000002067
45 10 4.855432836556423 0.0017671634455957985 0 4.858000000002017
53 5 4.866291491032694 0.001808508969299183 0 4.868900000001991
43 6 4.871278780689769 0.0018212193122124631 0 4.87390000000198
51 3 4.8734991757806165 0.0018008242213598535 1 4.8761000000019745
41 12 4.879072686332907 0.0018273136690565295 0 4.8817000000019615
46 10 4.8961101740241935 0.0017898259777302528 0 4.898700000001922
55 14 4.904362786902386 0.0017372130995187973 0 4.906900000001903
46 1 4.926935151678709 0.0017648483231429424 1 4.92950000000185
63 0 4.933737883571401 0.0017621164304353343 0 4.936300000001834
64 0 4.939624720278259 0.0017752797235637274 0 4.9422000000018205
55 4 4.943056000952564 0.0017439990492507107 0 4.9456000000018125
42 12 4.950308458498889 0.0017915415029081672 0 4.9529000000017955
65 0 4.954004142351883 0.0017958576499061962 0 4.956600000001787
52 3 4.954419959326663 0.0017800406751247166 1 4.957000000001786
52 11 4.9616555296883265 0.0017444703134446016 0 4.964200000001769
49 13 4.969081600432272 0.001818399569481599 1 4.971700000001752
56 4 4.975162214714318 0.0017377852874211897 0 4.977700000001738
57 4 4.990196702456833 0.0018032975448711852 0 4.9928000000017025
48 9 4.994231309008376 0.0017686909933187778 1 4.996800000001693
