#19 ONUs
# id src init_time waited_time freq processed_time
0 16 0.006946826753604855 0.0017531732463951476 0 0.009499999999999998
0 11 0.011976413868138785 0.0018235861318611872 0 0.014599999999999967
0 17 0.012355324825402574 0.001844675174597396 0 0.015399999999999962
0 2 0.019070319269041437 0.0018296807309584918 0 0.021699999999999924
0 14 0.029178218475770533 0.001821781524229335 0 0.031799999999999884
0 9 0.044777962483755034 0.0018220375162452743 0 0.04740000000000033
0 8 0.04604220944527935 0.0017577905547209935 0 0.048600000000000365
0 15 0.0560133864638652 0.0017866135361354271 0 0.05860000000000065
0 6 0.056806817723738204 0.0017931822762624477 0 0.059400000000000674
0 12 0.06038788762929185 0.0018121123707089057 1 0.06300000000000078
0 13 0.06037909112160571 0.002120908878395056 1 0.0637000000000008
1 15 0.06484114182167572 0.0017588581783251622 0 0.0674000000000009
2 15 0.06981023110875949 0.001789768891241536 0 0.07240000000000105
0 0 0.07078449940554854 0.0018155005944525127 1 0.07340000000000108
1 6 0.07326070040118618 0.0017392995988149418 0 0.07580000000000114
1 2 0.07851971704446509 0.001780282955536186 0 0.0811000000000013
0 3 0.08222086265222038 0.0017791373477809985 1 0.0848000000000014
1 17 0.08418366251784767 0.0018163374821537626 0 0.08680000000000146
2 6 0.08561580708387764 0.0017841929161238335 0 0.0882000000000015
1 0 0.0901513536565203 0.0017486463434813054 1 0.09270000000000163
0 18 0.10098205031928306 0.0018179496807188555 1 0.10360000000000194
1 9 0.10097559761249908 0.001924402387502841 0 0.10370000000000194
3 15 0.11829495901011543 0.0018050409898869857 0 0.12090000000000244
0 10 0.1185457228433738 0.0018542771566286281 1 0.12120000000000244
1 12 0.12433331776873233 0.0017666822312701058 1 0.12690000000000234
1 18 0.12964298759003132 0.001757012409970532 1 0.13220000000000176
2 18 0.13083961647786857 0.0005603835221332787 1 0.13220000000000176
0 5 0.13212874097898883 0.0017712590210127444 1 0.13470000000000149
0 7 0.13505838304896783 0.00174161695103342 1 0.13760000000000117
3 18 0.13556628320727057 0.0017337167927306274 1 0.13840000000000108
3 6 0.1359604514939134 0.0017395485060877625 0 0.13850000000000107
4 15 0.14123138164942312 0.0017686183505774555 0 0.14380000000000048
1 5 0.1431856700875281 0.00181432991247224 1 0.14580000000000026
1 14 0.1443869198739069 0.001813080126093325 0 0.14700000000000013
1 7 0.15140477190126864 0.0017952280987308111 1 0.15399999999999936
0 4 0.1521661012287837 0.0017338987712156584 1 0.15479999999999927
1 10 0.16780661839184266 0.0017933816081549814 1 0.17039999999999755
0 1 0.16854892038064764 0.0017510796193499212 2 0.17109999999999748
2 9 0.18186245673583926 0.0017375432641568433 0 0.184399999999996
2 0 0.19015741217906956 0.001742587820925623 1 0.1926999999999951
4 18 0.19074841981473617 0.0017515801852589497 1 0.193499999999995
1 8 0.19730003695119494 0.0017999630487994522 0 0.1998999999999943
2 2 0.2065149183614377 0.0017850816385556745 0 0.2090999999999933
2 17 0.2107073832171822 0.0017926167828107298 0 0.21329999999999283
1 4 0.2124093827557111 0.001790617244281617 1 0.21499999999999264
1 11 0.21668972369995868 0.0018102763000335809 0 0.21929999999999217
1 3 0.23526379090899613 0.0017362090909940897 1 0.23779999999999013
1 13 0.23654615499368675 0.0017538450063033229 1 0.23909999999999
2 4 0.24121368185808947 0.001786318141900084 1 0.24379999999998947
2 8 0.2451916377832114 0.0018083622167777147 0 0.24779999999998903
3 0 0.2633461586686335 0.001753841331353645 1 0.26589999999998704
1 1 0.26662207982912556 0.0017779201708612025 2 0.26919999999998667
2 5 0.26964177848771465 0.0017582215122717848 1 0.27219999999998634
2 10 0.27110070674985104 0.0018992932501352144 1 0.27379999999998617
2 1 0.27455860570959634 0.001741394290389553 2 0.2770999999999858
3 2 0.28348332532001946 0.0018166746799654354 0 0.2860999999999848
3 1 0.29810687559123317 0.0017931244087501241 2 0.3006999999999832
2 11 0.2994046320939072 0.0017953679060759287 0 0.30199999999998306
4 6 0.30238597294165814 0.0018140270583246743 0 0.30499999999998273
2 3 0.3103531100779057 0.0017468899220762224 1 0.31289999999998186
3 8 0.31106645715712766 0.0017335428428542077 0 0.3135999999999818
1 16 0.3113701072132226 0.001829892786759213 0 0.3143999999999817
2 14 0.3131817934346637 0.001818206565317948 0 0.31579999999998154
4 8 0.3219182434243903 0.0017817565755903764 0 0.3244999999999806
3 11 0.3325606006234548 0.0017393993765246751 0 0.3350999999999794
2 7 0.336244386949516 0.0017556130504630674 1 0.338799999999979
4 0 0.369329184986703 0.0017708150132724754 1 0.37189999999997536
2 13 0.36996886283513597 0.0018311371648394026 1 0.3726999999999753
2 16 0.3816078154400788 0.0017921845598952713 0 0.384199999999974
5 15 0.3905132067329353 0.0017867932670377895 0 0.393099999999973
3 5 0.39096873308004554 0.0018312669199275211 1 0.39359999999997297
2 12 0.3977356080709895 0.0017643919289828114 1 0.40029999999997223
3 10 0.3990832838953493 0.001816716104622862 1 0.4016999999999721
3 14 0.4055577396754394 0.0017422603245320634 0 0.4080999999999714
4 14 0.40832848290371204 0.001771517096259112 0 0.41089999999997107
4 2 0.41559277791499205 0.0018072220849782994 0 0.41819999999997026
3 16 0.41807409524845884 0.0018259047515112314 0 0.42069999999997
3 12 0.4182660745110517 0.0020339254889183422 1 0.42099999999996995
3 17 0.42331822836145244 0.00178177163851706 0 0.4258999999999694
3 3 0.42575036893702156 0.0017496310629476763 1 0.42829999999996915
4 3 0.4277391166119038 0.0017608833880652375 1 0.43029999999996893
4 12 0.4304847448330759 0.001815255166892793 1 0.4330999999999686
5 0 0.43095554488285676 0.0017444551171119094 1 0.43389999999996853
4 16 0.4315558010225016 0.0017441989774670263 0 0.4340999999999685
6 0 0.4406216198641387 0.001778380135828872 1 0.4431999999999675
5 16 0.44419485677391357 0.0018051432260536293 0 0.4467999999999671
6 16 0.44801547885937787 0.0017845211405889128 0 0.4505999999999667
7 16 0.4518111603172985 0.0017888396826678532 0 0.4543999999999663
5 2 0.45326729045780356 0.001932709542162625 0 0.4559999999999661
5 18 0.45682173005391646 0.001778269946049349 1 0.4593999999999657
5 6 0.4646669259821909 0.00183307401777405 0 0.46729999999996485
3 7 0.4667487801257474 0.0017512198742173357 1 0.46929999999996463
5 14 0.4710066907253245 0.001793309274639776 0 0.47359999999996416
3 9 0.4724130435644145 0.0017869564355496026 0 0.474999999999964
6 18 0.4757797801949964 0.0018202198049673268 1 0.47839999999996363
4 5 0.49136063420516796 0.0017393657947940566 1 0.4938999999999619
4 10 0.4966192490646024 0.00178075093535901 1 0.49919999999996134
5 3 0.501538198577755 0.0017618014222059442 1 0.5040999999999608
5 8 0.5059360301965141 0.0017639698034462858 0 0.5084999999999603
4 11 0.5173464112119951 0.0017535887879640555 0 0.5198999999999591
6 8 0.5177809022776119 0.0018190977223472293 0 0.520699999999959
6 2 0.532247279398603 0.0017527206013545626 0 0.5347999999999574
3 13 0.5544976901455325 0.0018023098544225347 1 0.557099999999955
6 3 0.5552420241570841 0.0017579758428708514 1 0.5578999999999549
6 14 0.5554629779220276 0.0017370220779273637 0 0.5579999999999549
7 2 0.5590728572753868 0.001827142724567743 0 0.5616999999999545
7 18 0.5628366941416367 0.00176330585831741 1 0.565399999999954
5 10 0.5633803748807652 0.0018196251191888724 1 0.566199999999954
4 7 0.5641489621172947 0.0017510378826592898 1 0.5668999999999539
8 16 0.5729971228211846 0.0018028771787683695 0 0.5755999999999529
9 16 0.5934340244120487 0.0017659755879020356 0 0.5959999999999507
4 17 0.598256020645483 0.00174397935446724 0 0.6007999999999502
5 11 0.6020550194392427 0.0017449805607071545 0 0.6045999999999497
3 4 0.6023853628412177 0.0018146371587320909 1 0.6049999999999497
4 4 0.6162638461138343 0.0017361538861139225 1 0.6187999999999482
6 15 0.6240868945848886 0.0018131054150587467 0 0.6266999999999473
6 10 0.6252274108438959 0.0017725891560513851 1 0.6277999999999472
5 7 0.6302432172526595 0.0017567827472871889 1 0.6327999999999466
7 8 0.6351014528138721 0.0017985471860740843 0 0.6376999999999461
7 15 0.6384782629677085 0.0018217370322373139 0 0.6410999999999457
8 2 0.6397108998626686 0.0017891001372770665 0 0.6422999999999456
7 10 0.6433906516543237 0.0018093483456215198 1 0.6459999999999452
6 11 0.6450426423761991 0.0017573576237459587 0 0.647599999999945
4 1 0.6512241524136533 0.0017758475862911238 2 0.6537999999999443
4 9 0.652855989953991 0.0017440100459532593 0 0.6553999999999441
8 10 0.6567787642318547 0.0018212357680891245 1 0.6593999999999437
7 3 0.6581763830160942 0.0018236169838494742 1 0.6607999999999435
7 0 0.6600162831596855 0.0017837168402579096 1 0.6625999999999433
5 17 0.6628613366117518 0.001738663388191286 0 0.665399999999943
7 11 0.6671487981149001 0.0017512018850425193 0 0.6696999999999426
8 3 0.6679128110529547 0.0017871889469878166 1 0.6704999999999425
6 7 0.6691422722674837 0.001757727732458747 1 0.6716999999999423
8 18 0.6739525721677425 0.0017474278321993886 1 0.6764999999999418
5 5 0.6920032501723581 0.0017967498275818228 1 0.6945999999999398
8 0 0.6932061245143631 0.0017938754855766348 1 0.6957999999999397
7 7 0.6988787752026085 0.0018212247973306006 1 0.7014999999999391
6 5 0.7019414867948317 0.001758513205107115 1 0.7044999999999387
9 18 0.7174256769319437 0.0017743230679934108 1 0.719999999999937
10 16 0.7299467723596014 0.001753227640334365 0 0.7324999999999356
7 14 0.7356083441749032 0.0017916558250319348 0 0.738199999999935
7 5 0.7387362641895475 0.0017637358103872458 1 0.7412999999999347
11 16 0.742383021252212 0.0018169787477223531 0 0.7449999999999343
6 6 0.76345000468983 0.0017499953101020038 0 0.765999999999932
9 0 0.7919684672229 0.0018315327770288548 1 0.7945999999999288
5 4 0.793166699047558 0.0018333009523707755 1 0.7957999999999287
6 4 0.7961066123132187 0.0017933876867097798 1 0.7986999999999284
8 15 0.8027381578455223 0.0017618421544054463 0 0.8052999999999276
7 4 0.8081308515945526 0.0017691484053745654 1 0.810699999999927
8 4 0.8105516616513282 0.0017483383485986659 1 0.8130999999999268
10 0 0.8139815560651641 0.0018184439347623815 1 0.8165999999999264
4 13 0.823187179329959 0.001812820669966464 1 0.8257999999999254
8 5 0.8234140129764171 0.0019859870235082733 1 0.8265999999999253
10 18 0.8276715401475977 0.0018284598523272688 1 0.8302999999999249
11 0 0.8285965320769982 0.001803467922926627 1 0.8311999999999248
9 15 0.8314732862537026 0.0018267137462218974 0 0.8340999999999245
8 7 0.8329391870029959 0.0017608129969285402 1 0.8354999999999243
9 7 0.8382906263560527 0.001809373643871126 1 0.8408999999999237
9 2 0.8417017571610639 0.0017982428388595428 0 0.8442999999999233
5 12 0.8449028596037556 0.001797140396167518 1 0.847499999999923
8 11 0.8582503568729871 0.0017496431269344859 0 0.8607999999999215
8 8 0.8631974440602107 0.0018025559397103486 0 0.865799999999921
5 13 0.8706150828290142 0.0017849171709060085 1 0.8731999999999202
5 9 0.903828917013381 0.0017710829865356104 0 0.9063999999999165
5 1 0.9043901880649204 0.001809811934996075 2 0.9069999999999164
6 12 0.9116286990583735 0.0017713009415422087 1 0.9141999999999156
7 12 0.9203390042108153 0.0017609957890994954 1 0.9228999999999147
9 3 0.9223509820704587 0.0017490179294558095 1 0.9248999999999145
9 8 0.9239159002204669 0.00178409977944749 0 0.9264999999999143
9 11 0.9337292590385184 0.0017707409613948455 0 0.9362999999999132
9 4 0.9351866833930301 0.0019133166068829865 1 0.937899999999913
9 10 0.9376000849337315 0.001799915066181379 1 0.9401999999999128
6 13 0.9395174281384329 0.001782571861479787 1 0.9420999999999126
7 6 0.9448003638477096 0.0017996361522024662 0 0.947399999999912
12 0 0.945338793377365 0.0017612066225469736 1 0.9478999999999119
10 3 0.9490099388618416 0.0017900611380700093 1 0.9515999999999115
8 14 0.9562037226470903 0.0017962773528205078 0 0.9587999999999107
10 15 0.9660904353267239 0.0018095646731858261 0 0.9686999999999096
11 3 0.9800660997569345 0.0017339002429737072 1 0.9825999999999081
6 9 0.9867930453178501 0.0018069546820573823 0 0.9893999999999074
9 14 0.9916180449230096 0.001781955076897268 0 0.9941999999999068
13 0 0.998500752100236 0.001799247899670231 1 1.0010999999999062
6 17 0.9991626325752063 0.001737367424699876 0 1.001699999999906
8 12 1.005574840566492 0.001825159433413548 1 1.0081999999999054
11 15 1.0170079263512113 0.0017920736486929378 0 1.0195999999999041
12 3 1.0262126504303328 0.0017873495695703845 1 1.0287999999999031
10 4 1.0268459138709745 0.001754086128928689 1 1.029599999999903
10 10 1.0305699214973714 0.0018300785025313626 1 1.0331999999999026
8 6 1.038930684073702 0.001769315926199777 0 1.0414999999999017
10 8 1.0421462843111624 0.0017537156887390548 0 1.0446999999999014
10 2 1.047705458110053 0.001794541889847956 0 1.0502999999999008
14 0 1.0595916820417015 0.0018083179581980247 1 1.0621999999998994
7 17 1.0613161300834841 0.001783869916415215 0 1.0638999999998993
12 15 1.0618212634211797 0.0017787365787196308 0 1.0646999999998992
12 16 1.0633260425529394 0.0017739574469597397 0 1.065899999999899
9 12 1.0711724302210168 0.0018275697788814327 1 1.0737999999998982
7 13 1.0835775115043245 0.0018224884955724274 1 1.0861999999998968
13 16 1.0884385101872343 0.0017614898126621092 0 1.0909999999998963
11 18 1.089197182843323 0.0018028171565733775 1 1.0917999999998962
8 17 1.0902110494369668 0.0017889505629293811 0 1.092799999999896
9 17 1.0918440477196862 0.0017559522802097494 0 1.094399999999896
12 18 1.0929102954428722 0.0017897045570236525 1 1.0954999999998958
13 18 1.0963512510811115 0.00174874891878396 1 1.0988999999998954
10 11 1.1089278786052292 0.0017721213946648717 0 1.111499999999894
7 9 1.110360811388403 0.001739188611491027 0 1.1128999999998939
11 4 1.1112110192979214 0.0017889807019724202 1 1.1137999999998938
12 4 1.1153321736333008 0.001767826366592562 1 1.1178999999998933
6 1 1.124636686025604 0.0017633139742883053 2 1.1271999999998923
13 3 1.1273321159506022 0.0017678840492898473 1 1.129899999999892
14 18 1.150284326908356 0.0018156730915335206 1 1.1528999999998895
9 5 1.1530128964777808 0.0017871035221084242 1 1.1555999999998892
14 16 1.1558639381643645 0.0017360618355244384 0 1.1583999999998889
8 9 1.15673916596361 0.0017608340362789132 0 1.1592999999998888
11 10 1.165337096995178 0.001762903004709937 1 1.1678999999998878
12 10 1.1847854591324354 0.001814540867450365 1 1.1873999999998857
11 11 1.1877408174688924 0.001759182530993053 0 1.1902999999998853
9 9 1.190392936104392 0.0018070638954932328 0 1.192999999999885
14 3 1.2046729336697781 0.0018270663301054313 1 1.2072999999998835
10 9 1.2053269855561137 0.0017730144437697604 0 1.2078999999998834
11 8 1.2308298228215593 0.001770177178321397 0 1.2333999999998806
15 3 1.2352643406729635 0.001735659326916661 1 1.23779999999988
12 11 1.245835765399324 0.0017642346005550813 0 1.248399999999879
10 5 1.2535098366171133 0.0017901633827648311 1 1.256099999999878
10 12 1.2540564032543244 0.0017435967455536883 1 1.256899999999878
11 2 1.2565947041780385 0.0018052958218393034 0 1.2591999999998778
12 2 1.2569432148211832 0.0014567851786946306 0 1.2591999999998778
11 12 1.2590376850013152 0.0017623149985623865 1 1.2615999999998775
13 15 1.262593107465803 0.0018068925340741782 0 1.265199999999877
15 18 1.263079141242589 0.00202085875728808 1 1.265899999999877
13 2 1.2626726327717495 0.0021273672281276745 0 1.265999999999877
14 15 1.2655410805674008 0.0017589194324760804 0 1.2680999999998768
7 1 1.2660512635367285 0.001748736463148326 2 1.2685999999998767
8 13 1.267946186956284 0.001753813043592567 1 1.2704999999998765
15 0 1.2683005510466148 0.0017994489532617841 1 1.2712999999998764
10 7 1.2694763860336362 0.0018236139662402007 1 1.2720999999998763
9 6 1.2704183483814744 0.001781651618401936 0 1.2729999999998762
15 16 1.2731701932018866 0.0018298067979893862 0 1.275799999999876
15 15 1.2777300928817386 0.0017699071181369597 0 1.2802999999998754
12 8 1.2818745667389542 0.0018254332609208834 0 1.284499999999875
13 10 1.2832504936860216 0.0017495063138532885 1 1.2857999999998748
16 15 1.2964510352102405 0.0017489647896329341 0 1.2989999999998734
10 17 1.2976279028532172 0.0017720971466561597 0 1.3001999999998732
8 1 1.3026017256632243 0.0017982743366484755 2 1.3051999999998727
9 13 1.3089460596368137 0.001753940363058426 1 1.311499999999872
14 10 1.317850181395664 0.0017498186042070873 1 1.320399999999871
16 0 1.3179415894670072 0.002058410532863819 1 1.321199999999871
13 11 1.3240476610393368 0.001752338960533617 0 1.3265999999998703
14 2 1.3274793458186458 0.001820654181224235 0 1.33009999999987
12 12 1.3286643908989175 0.0017356091009523844 1 1.3311999999998698
15 2 1.329843031764104 0.0017569682357658767 0 1.3323999999998697
15 10 1.335626647899119 0.0017733521007501363 1 1.338199999999869
11 5 1.3361669152844582 0.001833084715410882 1 1.338999999999869
16 2 1.337708117845936 0.0017918821539328889 0 1.3402999999998688
13 12 1.3432208710680544 0.001779128931813867 1 1.3457999999998682
13 4 1.3457202566531377 0.001779743346730367 1 1.348299999999868
17 15 1.3482253086222462 0.00177469137762154 0 1.3507999999998677
18 15 1.3590088415103576 0.0017911584895089483 0 1.3615999999998665
17 2 1.3649181206451488 0.0017818793547170753 0 1.3674999999998658
19 15 1.3684327982387081 0.001767201761157411 0 1.3709999999998654
9 1 1.3867188197645617 0.001781180235301827 2 1.3892999999998634
10 1 1.3870684405878377 0.0014315594120257735 2 1.3892999999998634
16 3 1.3874842836595178 0.0018157163403456078 1 1.3900999999998633
11 7 1.3925573392177983 0.0017426607820645312 1 1.3950999999998628
11 1 1.3933928668965727 0.0018071331032900595 2 1.3959999999998627
14 11 1.396032589015823 0.0017674109840395413 0 1.3985999999998624
18 2 1.3974815944328656 0.0019184055669967393 0 1.4001999999998622
12 1 1.3992184103343923 0.0017815896654698182 2 1.401799999999862
13 8 1.4127850252783531 0.0018149747215074896 0 1.4153999999998605
12 5 1.4178816954324833 0.0018183045673767495 1 1.42049999999986
13 5 1.4246808361150771 0.0018191638847822045 1 1.4272999999998592
17 3 1.4263618011150851 0.0017381988847740004 1 1.428899999999859
19 2 1.4330734145737845 0.0018265854260739456 0 1.4356999999998583
12 7 1.440625673962108 0.0017743260377496295 1 1.4431999999998575
20 15 1.440752963619929 0.0017470363799285682 0 1.4432999999998575
14 8 1.4413857522390807 0.001814247760776766 0 1.4440999999998574
21 15 1.4507834805799176 0.0018165194199388779 0 1.4533999999998564
15 8 1.4519018694847505 0.0017981305151058002 0 1.4544999999998562
10 13 1.4618096944506405 0.0017903055492147768 1 1.4643999999998552
22 15 1.4695793873512852 0.001820612648569142 0 1.4721999999998543
16 8 1.4810854213626063 0.0018145786372467665 0 1.483699999999853
10 14 1.487153961984067 0.0017460380157854338 0 1.4896999999998524
18 3 1.4881422839184861 0.0017577160813662118 1 1.4906999999998523
17 0 1.4947970014890875 0.0018029985107641533 1 1.4973999999998515
11 13 1.4969732869323267 0.0018267130675246879 1 1.4995999999998513
14 12 1.5047572138058092 0.0017427861940413347 1 1.5072999999998504
13 7 1.5071703397891987 0.0018296602106515625 1 1.5097999999998502
16 16 1.5112404212560704 0.0017595787437794108 0 1.5137999999998497
12 13 1.5119325989688337 0.0017674010310160249 1 1.5144999999998496
11 14 1.5120470149130183 0.0017529850868314156 0 1.5145999999998496
20 2 1.5141338935083946 0.0017661064914549218 0 1.5166999999998494
18 0 1.5159819182840264 0.0018180817158228724 1 1.5185999999998492
17 8 1.5232533422640868 0.0017466577357616586 0 1.5257999999998484
13 1 1.524505655363388 0.0017943446364603322 2 1.5270999999998482
16 10 1.528002440405625 0.0017975595942230083 1 1.5305999999998479
19 3 1.5303324984026399 0.0017675015972078434 1 1.5328999999998476
13 13 1.5407315312376166 0.0017684687622299133 1 1.5432999999998465
18 8 1.543380546916001 0.001819453083845346 0 1.5459999999998462
14 13 1.5543578306919505 0.0017421693078945033 1 1.556899999999845
17 16 1.5612379085775336 0.001762091422310652 0 1.5637999999998442
23 15 1.5735210011408212 0.0017789988590217742 0 1.5760999999998428
12 14 1.5858450196303002 0.001754980369541359 0 1.5883999999998415
17 10 1.5880416678935758 0.0017583321062655255 1 1.5905999999998413
14 5 1.6018417114401995 0.0017582885596403308 1 1.6043999999998397
14 1 1.607529624190888 0.001770375808951119 2 1.610099999999839
15 12 1.6234255325358282 0.0017744674640092217 1 1.6259999999998374
11 9 1.6375492899074078 0.0017507100924281094 0 1.6400999999998358
15 11 1.6376339149023862 0.0020660850974496547 0 1.6408999999998357
24 15 1.645642862131766 0.0017571378680689698 0 1.648199999999835
12 9 1.645920571506547 0.0018794284932879268 0 1.6489999999998348
13 9 1.646586581198993 0.0012134188008419144 0 1.6489999999998348
14 9 1.6533817540763602 0.0018182459234739046 0 1.655999999999834
15 13 1.65521959171293 0.0017804082869039561 1 1.6577999999998339
16 11 1.6628107853380965 0.001789214661736649 0 1.665399999999833
18 10 1.6669025345958632 0.0017974654039694116 1 1.6694999999998326
20 3 1.6697061641761903 0.0017938358236420093 1 1.6722999999998323
16 13 1.6720747644350094 0.0018252355648227248 1 1.674699999999832
10 6 1.6735900869914406 0.001909913008391273 0 1.6762999999998318
25 15 1.6755560407498378 0.0017439592499939316 0 1.6780999999998316
14 4 1.6772649513564442 0.0017350486433873602 1 1.6797999999998314
15 1 1.6782570144166677 0.0017429855831636587 2 1.6807999999998313
21 2 1.6961391815961682 0.0017608184036612684 0 1.6986999999998293
11 17 1.6989595421723473 0.0017404578274817784 0 1.701499999999829
19 0 1.701843143464595 0.0017568565352337195 1 1.7043999999998287
11 6 1.7083930508226448 0.0018069491771832702 0 1.710999999999828
17 11 1.7101420334219037 0.0017579665779241527 0 1.7126999999998278
13 14 1.7115880884710029 0.0019119115288248612 0 1.7142999999998276
18 11 1.714078978784879 0.0018210212149485372 0 1.7166999999998274
16 1 1.7209482939458745 0.001751706053952251 2 1.7234999999998266
15 4 1.7212919585186282 0.001808041481198508 1 1.7238999999998266
16 18 1.7524462298051275 0.0017537701946956918 1 1.7549999999998231
12 17 1.7587185086483472 0.0017814913514753172 0 1.7612999999998225
20 0 1.7634984807962226 0.0018015192035993888 1 1.766099999999822
17 13 1.7642158327914033 0.0017841672084186744 1 1.7668999999998218
18 13 1.7655747043592338 0.0004252956405881303 1 1.7668999999998218
21 0 1.7719461661936204 0.0017538338062006442 1 1.774499999999821
16 12 1.7735872850238077 0.0018127149760132077 1 1.7761999999998208
22 0 1.7736417568445297 0.0021582431552911174 1 1.7769999999998207
21 3 1.779952455352726 0.0017475446470942568 1 1.7824999999998201
19 8 1.781594996677404 0.0018050033224159545 0 1.78419999999982
22 3 1.7823342447214412 0.0017657552783787445 1 1.7848999999998199
14 14 1.7885374092772666 0.0017625907225526927 0 1.7910999999998192
17 1 1.8073762494914147 0.0018237505084024441 2 1.809999999999817
18 1 1.8082415976452406 0.0009584023545765596 2 1.809999999999817
14 7 1.812056807715455 0.0017431922843615943 1 1.8145999999998166
20 8 1.8196563844927593 0.001743615507056484 0 1.8221999999998157
19 1 1.8460770677027498 0.0018229322970630957 2 1.8486999999998128
17 12 1.8493509228167901 0.0017490771830224183 1 1.8518999999998125
12 6 1.8590221505266316 0.0017778494731799377 0 1.8615999999998114
26 15 1.8700950748978507 0.0018049251019596202 0 1.8726999999998102
15 7 1.877150125418298 0.0017498745815114347 1 1.8796999999998094
21 8 1.8804896048224011 0.0018103951774079974 0 1.883099999999809
22 8 1.881277330815272 0.001022669184537195 0 1.883099999999809
18 12 1.8815460797819232 0.001753920217885785 1 1.884099999999809
20 1 1.8926173799903274 0.0017826200094803735 2 1.8951999999998077
13 17 1.8985549038211 0.0017450961787071062 0 1.901099999999807
19 13 1.9072264752171946 0.001773524782611613 1 1.909799999999806
17 18 1.9103411392868985 0.0017588607129073175 1 1.9128999999998058
23 3 1.9129119888283423 0.0017880111714632108 1 1.9154999999998055
15 9 1.9378433674751996 0.00175663252460323 0 1.9403999999998027
19 11 1.9380601403036057 0.0019398596961970327 0 1.9411999999998026
20 11 1.9534197236472168 0.0017802763525842646 0 1.955999999999801
16 4 1.9540129561573363 0.0017870438424647528 1 1.956599999999801
27 15 1.9668973944749728 0.0018026055248268058 0 1.9694999999997995
19 10 1.967733635416311 0.0017663645834884445 1 1.9702999999997994
16 7 1.9974026797048288 0.001797320294967486 1 1.9999999999997962
18 18 2.0024496176912865 0.0017503823085185388 1 2.0049999999998067
15 5 2.008191556119214 0.0018084438806034164 1 2.010799999999819
19 12 2.0091687577674295 0.0018312422323898403 1 2.011799999999821
17 4 2.0135960537466526 0.0018039462531760364 1 2.0161999999998304
23 0 2.0183548878595987 0.0017451121402398684 1 2.0208999999998403
23 8 2.0188835383497183 0.0018164616501215036 0 2.0214999999998415
28 15 2.031843687977408 0.0017563120224588502 0 2.0343999999998688
21 11 2.031939267631328 0.001960732368539553 0 2.0350999999998702
18 16 2.0363137859162506 0.0017862140836260032 0 2.0388999999998783
19 16 2.036831817141652 0.001268182858224609 0 2.0388999999998783
24 0 2.037887019036561 0.0018129809633187222 1 2.0404999999998816
15 14 2.0402239046858286 0.001776095314056203 0 2.0427999999998865
20 10 2.0473420519182253 0.0017579480816745097 1 2.0498999999999015
21 1 2.0494195221908615 0.0017804778090426687 2 2.051999999999906
21 10 2.0543158646273456 0.0017841353725689402 1 2.0568999999999162
22 11 2.054943802004338 0.0017561979955780238 0 2.0574999999999175
22 1 2.059007928880563 0.0017920711193615269 2 2.061599999999926
24 8 2.0606423514867984 0.0017576485131294284 0 2.0631999999999295
16 14 2.064025476887081 0.0017745231128540873 0 2.0665999999999367
20 13 2.0672686651441468 0.0018313348557952303 1 2.0698999999999437
18 4 2.0717198459065096 0.001780154093441677 1 2.074299999999953
16 9 2.0809256862944494 0.0017743137055212799 0 2.0834999999999724
13 6 2.0903131845743457 0.0017868154256448499 0 2.092899999999992
17 14 2.1032392709493273 0.0017607290506904683 0 2.1058000000000194
18 14 2.108084412146859 0.0018155878531689318 0 2.1107000000000298
25 0 2.11091543633363 0.0017845636664040043 1 2.1135000000000357
19 14 2.1114251556746972 0.00177484432533781 0 2.1140000000000367
21 13 2.1223588855651383 0.001741114434919755 1 2.1249000000000597
20 16 2.1315227744749237 0.0017772255251538027 0 2.134100000000079
23 11 2.1315008237182336 0.002099176281844528 0 2.1348000000000806
14 6 2.134652591720602 0.0017474082794821655 0 2.1372000000000857
21 16 2.135450492059492 0.0017495079405938085 0 2.1380000000000874
22 13 2.1365664115231655 0.0017335884769225096 1 2.1391000000000897
14 17 2.137251591758822 0.0017484082412675406 0 2.139800000000091
20 12 2.142349951503177 0.0017500484969232843 1 2.144900000000102
19 18 2.144198973994504 0.0018010260056002814 1 2.146800000000106
20 18 2.1519388298774125 0.0017611701227080445 1 2.154500000000122
19 4 2.153350500070309 0.0017494999298146574 1 2.155900000000125
25 8 2.1533780631822297 0.0019219368178942098 0 2.1561000000001256
17 9 2.1644589377796017 0.0017410622205451531 0 2.1670000000001486
21 12 2.1778282848708987 0.00177171512927643 1 2.180400000000177
22 10 2.1989305955711034 0.001769404429116328 1 2.2015000000002214
23 10 2.2127479484055024 0.001752051594746451 1 2.2153000000002505
22 2 2.212878906516173 0.0018210934840761084 0 2.215500000000251
20 14 2.218843755322028 0.0017562446782335428 0 2.2214000000002634
22 16 2.2206235625437087 0.0017764374565567564 0 2.223200000000267
26 8 2.221816826870736 0.001783173129532134 0 2.2244000000002697
26 0 2.2262348829718297 0.0017651170284476159 1 2.228800000000279
29 15 2.2350146647931 0.001785335207195704 0 2.2376000000002976
24 10 2.244413365967346 0.0017866340329697472 1 2.2470000000003174
23 1 2.2474597625056614 0.0017402374946606791 2 2.2500000000003237
21 18 2.2507746343053125 0.0018253656950166786 1 2.253400000000331
24 1 2.257454095745084 0.001745904255259223 2 2.260000000000345
23 2 2.2597971878464653 0.0018028121538828934 0 2.26240000000035
22 12 2.2638208166163634 0.0017791833839932991 1 2.2664000000003584
22 18 2.273556311850112 0.0017436881502650436 1 2.276100000000379
15 17 2.285119556688329 0.0017804433120724994 0 2.2877000000004033
21 14 2.2879550210488087 0.0017449789515988634 0 2.290500000000409
23 16 2.2956189576396278 0.0017810423607960146 0 2.2982000000004255
25 10 2.3041984186757416 0.0018015813247003187 1 2.3068000000004436
27 8 2.309829422664383 0.0017705773360705557 0 2.3124000000004554
16 17 2.3107180941623593 0.0017819058380963426 0 2.3133000000004573
18 9 2.311772473009689 0.001827526990768824 0 2.3144000000004596
23 18 2.323164075280293 0.0017359247201889083 1 2.3257000000004835
17 17 2.323241654805104 0.001758345195378208 0 2.3258000000004837
23 12 2.32865046509979 0.0017495349007035088 1 2.331200000000495
28 8 2.3286401818774927 0.0018598181230009558 0 2.3313000000004953
20 4 2.329254525214846 0.0017454747856486819 1 2.3319000000004966
30 15 2.3295405762656665 0.0017594237348288466 0 2.332100000000497
22 14 2.331937956909151 0.001762043091349419 0 2.334500000000502
24 16 2.3354701323936773 0.0018298676068306818 0 2.3381000000005097
24 2 2.359202620951495 0.0017973790490630748 0 2.3618000000005597
25 16 2.3598334770065903 0.0017665229939689553 0 2.3626000000005614
29 8 2.361368365610337 0.0018316343902258225 0 2.3640000000005643
24 11 2.3643258191558134 0.0017741808447553353 0 2.3669000000005704
26 10 2.36627257561498 0.0018274243855929129 1 2.3689000000005747
23 14 2.37585399843373 0.001746001566862887 0 2.3784000000005947
31 15 2.3775069353158416 0.0017930646847550413 0 2.3801000000005983
23 13 2.381954530695817 0.0017454693047889158 1 2.3845000000006076
19 9 2.3959929833984397 0.0018070166021959544 0 2.3986000000006373
20 9 2.3988623973646392 0.0017376026360023111 0 2.4014000000006432
24 3 2.399254294860873 0.001745705139769349 1 2.401800000000644
24 13 2.4023268998719534 0.0017731001286955816 1 2.4049000000006506
25 13 2.4036063266792715 0.0004936733213773969 1 2.4049000000006506
26 13 2.4049395327135015 0.0017604672871529559 1 2.407500000000656
18 17 2.4108075986360507 0.0017924013646162251 0 2.4134000000006686
32 15 2.4108647326890145 0.002035267311653044 0 2.41410000000067
26 16 2.4271186030699172 0.0017813969307840516 0 2.429700000000703
30 8 2.439335352930655 0.0017646470700718453 0 2.4419000000007287
17 7 2.4405818520209177 0.001818147979812057 1 2.4432000000007315
31 8 2.4424113454022542 0.0017886545984793223 0 2.4450000000007353
25 1 2.4557097480277514 0.001790251973010193 2 2.4583000000007633
27 16 2.464427008583337 0.0017729914174431372 0 2.4670000000007817
16 5 2.474760813139275 0.0017391868615268535 1 2.4773000000008034
27 13 2.482022446132232 0.0017775538685849135 1 2.484600000000819
21 4 2.4824541174509696 0.001745882549848421 1 2.4853000000008203
22 4 2.4826535207356804 0.0015464792651376236 1 2.4853000000008203
32 8 2.483452263475508 0.0017477365253122379 0 2.4860000000008218
25 2 2.4845758595959024 0.0018241404049201826 0 2.4872000000008243
19 17 2.4851590712496443 0.0017409287511793714 0 2.487900000000826
33 8 2.4855993436455877 0.0018006563552370736 0 2.4887000000008275
21 9 2.4857246133748325 0.0019753866259928365 0 2.489500000000829
28 13 2.4900474582413428 0.001752541759491244 1 2.4926000000008357
20 17 2.4927694163305065 0.0018305836703333966 0 2.4954000000008416
24 12 2.493250284159005 0.0017497158418358083 1 2.4958000000008425
27 10 2.5060363323989194 0.0017636676019483488 1 2.5086000000008695
23 4 2.5103359917539936 0.0017640082468832752 1 2.5129000000008785
22 9 2.5179793118043623 0.0018206881965308064 0 2.520600000000895
21 17 2.5208821498742786 0.0018178501266206126 0 2.523500000000901
27 0 2.521330814466991 0.0017691855339090345 1 2.5239000000009018
28 16 2.521716427580111 0.0017835724207899695 0 2.5243000000009026
26 1 2.523646944829636 0.0017530551712687803 2 2.5262000000009066
22 17 2.5275883570805737 0.00181164292033964 0 2.530200000000915
25 11 2.530995180630404 0.001804819370516686 0 2.5336000000009222
34 8 2.532668010364257 0.0018319896366669752 0 2.535300000000926
27 1 2.540439317649018 0.0017606823519225046 2 2.543000000000942
28 1 2.544229827462861 0.0017701725380874223 2 2.54680000000095
18 7 2.545576532651264 0.0018234673496873022 1 2.548200000000953
23 9 2.5461156581788638 0.001784341822088642 0 2.548700000000954
24 9 2.5468876137519594 0.0010123862489930247 0 2.548700000000954
24 4 2.552551326460951 0.0017486735400149556 1 2.5551000000009676
15 6 2.559903625960089 0.001796374040892612 0 2.562500000000983
24 18 2.5668589250226694 0.001741074978326651 1 2.5694000000009978
16 6 2.5693719374458395 0.0018280625551621021 0 2.5720000000010033
29 13 2.5754288368945986 0.001771163106415674 1 2.578000000001016
28 10 2.5759862836863734 0.001813716314642111 1 2.5787000000010174
25 4 2.5833022410807427 0.0017977589202882172 1 2.5859000000010326
17 6 2.583774204888948 0.0018257951120839166 0 2.5864000000010336
29 1 2.5888175336248103 0.0017824663762322501 2 2.591400000001044
18 6 2.614409852491724 0.0017901475093724528 0 2.6170000000010982
29 10 2.6150670843984245 0.0018329156026735127 1 2.6177000000010997
30 10 2.6152428884020664 0.001657111599031591 1 2.6177000000010997
19 7 2.616953323497487 0.001746676503614708 1 2.6195000000011035
19 6 2.6208405003451634 0.0017594996559466836 0 2.6234000000011117
26 11 2.628913002330526 0.001786997670601309 0 2.631500000001129
27 11 2.6359043206059005 0.0017956793952413896 0 2.6385000000011436
30 1 2.645725110504989 0.0017748894961737705 2 2.6483000000011643
24 14 2.6549567484272494 0.0017432515739326249 0 2.6575000000011837
25 9 2.6606009693029864 0.0017990306982076376 0 2.6632000000011957
23 17 2.6610361487033383 0.0017638512978566112 0 2.663900000001197
25 14 2.668493879634115 0.0018061203670955983 0 2.6711000000012124
26 9 2.6844762139010614 0.001823786100183078 0 2.687100000001246
20 7 2.6918831866146817 0.0018168133865783531 1 2.6945000000012618
29 16 2.6943019503890655 0.001798049612199648 0 2.696900000001267
26 2 2.6970380932517934 0.0017619067494774043 0 2.6996000000012725
28 0 2.6969897120849637 0.0021102879163077404 1 2.699900000001273
31 10 2.6970585304059194 0.002441469595352963 1 2.700700000001275
27 9 2.711635349711617 0.001764650289684866 0 2.7142000000013033
30 13 2.715505637502053 0.0017943624992566853 1 2.7181000000013116
26 14 2.7292749103489533 0.001825089652385703 0 2.7319000000013407
25 3 2.7310545191304727 0.0017454808708698977 1 2.7336000000013443
31 13 2.7375265049824073 0.0017734950189489673 1 2.740100000001358
20 6 2.7409579676848717 0.0017420323164918372 0 2.743500000001365
25 18 2.743275575164748 0.0018244248366205973 1 2.7459000000013702
21 7 2.75352481653408 0.001775183467310093 1 2.7561000000013918
26 3 2.7638475541669205 0.0017524458344913008 1 2.7664000000014135
26 18 2.76767726274984 0.0018227372515799978 1 2.7703000000014217
28 9 2.775421949334122 0.0017780506673141794 0 2.778000000001438
31 1 2.7779000824291176 0.0017999175723240057 2 2.7805000000014433
17 5 2.7830986585398887 0.0018013414615638546 1 2.7857000000014542
29 9 2.7832491344860295 0.00175086551542325 0 2.7858000000014544
32 13 2.7845632281967205 0.0017367718047349712 1 2.787100000001457
30 16 2.789796720237923 0.0018032797635436637 0 2.7924000000014684
27 18 2.7924031129207116 0.0017968870807605342 1 2.795000000001474
28 11 2.8023501656626673 0.0017498343388258064 0 2.8049000000014948
24 17 2.8054449970660547 0.0017550029354449492 0 2.8080000000015013
27 14 2.8069554732354134 0.0018445267660895937 0 2.8096000000015047
32 1 2.809235998508817 0.0017640014926905145 2 2.8118000000015093
25 17 2.817780610051457 0.001819389950068917 0 2.8204000000015275
27 2 2.8186085969511483 0.00179140305037917 0 2.821200000001529
29 0 2.818944369786848 0.0017556302146801706 1 2.82150000000153
33 13 2.821115434528698 0.001784565472834565 1 2.8237000000015344
26 4 2.824279157119566 0.0018208428819734834 1 2.826900000001541
28 14 2.824458757257109 0.001741242744430771 0 2.8270000000015414
33 15 2.8432227921929676 0.0017772078086117915 0 2.845800000001581
31 16 2.848501508852232 0.0017984911493584832 0 2.8511000000015922
32 16 2.8613900218676918 0.0018099781339260268 0 2.8640000000016195
25 12 2.8614740732023036 0.0020259267993147922 1 2.86430000000162
33 1 2.865275375363098 0.0018246246385280607 2 2.8679000000016277
28 18 2.866415719545671 0.0017842804559573544 1 2.86900000000163
27 3 2.868918504587717 0.0017814954139168115 1 2.8715000000016353
29 18 2.875988808241666 0.0018111917599825667 1 2.8786000000016503
26 12 2.889573536399883 0.0018264636017941704 1 2.892200000001679
21 6 2.889831989679803 0.00176801032187468 0 2.8924000000016794
27 4 2.892371397751042 0.001828602250641076 1 2.895000000001685
34 13 2.9084786331267147 0.0018213668750024503 1 2.911100000001719
27 12 2.9089776844385673 0.0018223155631509336 1 2.9118000000017203
28 3 2.9307104810397795 0.0017895189619845375 1 2.9333000000017657
34 1 2.948470638782357 0.0018293612194444364 2 2.9511000000018033
32 10 2.9506787022690233 0.001821297732782945 1 2.953300000001808
30 18 2.950788042772652 0.002011957229155037 1 2.9540000000018094
35 1 2.953287672945348 0.001812327056463836 2 2.9559000000018134
29 11 2.9669247373947685 0.001775262607071948 0 2.969500000001842
22 7 3.0019891803774414 0.001810819624473048 1 3.004600000001916
36 1 3.0034932228613695 0.0019067771405483214 2 3.0062000000019196
28 12 3.009736143220879 0.0017638567810518424 1 3.0123000000019324
18 5 3.010560331129854 0.001739668872078326 1 3.013100000001934
34 15 3.0104817594627074 0.001918240539225291 0 3.0132000000019343
22 6 3.0175561490152063 0.0017438509867409024 0 3.020100000001949
37 1 3.033791528277734 0.0018084717242476955 2 3.0364000000019833
35 13 3.0356132385646295 0.0017867614373558993 1 3.038200000001987
29 12 3.043270433379287 0.0018295666227148288 1 3.0459000000020033
29 14 3.049813876567548 0.0017861234344671573 0 3.052400000002017
28 4 3.052189842137349 0.0018101578646714245 1 3.054800000002022
29 4 3.053049599669834 0.0009504003321865184 1 3.054800000002022
29 3 3.0809105172731797 0.001789482728901337 1 3.0835000000020827
30 12 3.081819000837519 0.00178099916456409 1 3.0844000000020846
31 18 3.08432699439319 0.0017730056088982593 1 3.08690000000209
38 1 3.0944033656686485 0.0017966343334610002 2 3.097000000002111
19 5 3.0968147336584977 0.0017852663436168648 1 3.0994000000021162
28 2 3.10102130144002 0.0017786985621035534 0 3.103600000002125
32 18 3.106182924144359 0.0018170758577755741 1 3.108800000002136
30 9 3.1176357652991253 0.0017642347030331074 0 3.12020000000216
30 4 3.128876872161588 0.0018231278405944629 1 3.131500000002184
23 7 3.135607090166736 0.0017929098354603212 1 3.138200000002198
31 4 3.1495137791915964 0.001786220810629402 1 3.1521000000022275
30 3 3.164233911421544 0.0017660885807129212 1 3.1668000000022585
35 15 3.165181961156555 0.0018180388457040841 0 3.1678000000022606
30 14 3.1671311899436896 0.0017688100585733224 0 3.1697000000022646
36 15 3.1718993674652705 0.0018006325370025777 0 3.1745000000022747
30 11 3.17209661617709 0.0019033838251836244 0 3.175200000002276
33 18 3.1749604688418036 0.0017395311604757602 1 3.177500000002281
29 2 3.176378971127095 0.001921028875187858 0 3.1791000000022844
30 2 3.1783761762534914 0.0018238237487953057 0 3.1810000000022884
31 12 3.1915233285197115 0.001776671482602854 1 3.194100000002316
32 12 3.1981743302528525 0.0018256697494760665 1 3.2008000000023302
39 1 3.198718852515983 0.0017811474863465016 2 3.2013000000023313
24 7 3.1988904564045937 0.0018095435977363294 1 3.2015000000023317
31 11 3.2014469574903646 0.001753042511970726 0 3.204000000002337
35 8 3.210196083855153 0.0018039161472009901 0 3.2128000000023555
31 3 3.212214743676849 0.001785256325509188 1 3.2148000000023598
20 5 3.214661755073914 0.0017382449284490953 1 3.217200000002365
31 9 3.219320557682929 0.0017794423194441578 0 3.2219000000023748
32 11 3.2198694364555767 0.00183056354679767 0 3.2226000000023762
36 8 3.2664540133855064 0.001745986616966011 0 3.269000000002474
37 15 3.2758122257175013 0.001787774284990995 0 3.278400000002494
38 15 3.278380930550788 0.0018190694517099537 0 3.2810000000024995
25 7 3.285794505126328 0.0018054948761854206 1 3.288400000002515
39 15 3.28629294743473 0.0018070525677842397 0 3.288900000002516
36 13 3.285932829177357 0.001967170825157183 1 3.2891000000025166
32 4 3.2898325588355735 0.0017674411669483803 1 3.2924000000025235
34 18 3.2926555665734467 0.0017444334290810382 1 3.2952000000025294
33 10 3.2995270324240806 0.0017729675784616816 1 3.302100000002544
40 15 3.303445928753815 0.0017540712487353893 0 3.3060000000025522
30 0 3.310133680254163 0.001766319748401468 1 3.3127000000025664
33 11 3.3107690588862972 0.0018309411162689138 0 3.313400000002568
37 8 3.322921835740133 0.0017781642624585814 0 3.3255000000025934
32 9 3.3233627261257768 0.0017372738768157703 0 3.326200000002595
38 8 3.3350384426805832 0.0017615573220339797 0 3.337600000002619
35 18 3.344951867393239 0.0017481326093991 1 3.34750000000264
21 5 3.348812144842348 0.001787855160298335 1 3.351400000002648
31 14 3.351380026090804 0.0018199739118478497 0 3.3540000000026535
39 8 3.356218819783037 0.0017811802196248117 0 3.3588000000026637
33 4 3.3585240706362582 0.0017759293664085796 1 3.3611000000026685
37 13 3.3590790876278755 0.0018209123747925382 1 3.36180000000267
31 2 3.3665297949130575 0.00177020508962622 0 3.3691000000026854
32 3 3.3681590836611925 0.0017409163414945361 1 3.3707000000026888
38 13 3.377700962297963 0.0017990377047443218 1 3.380300000002709
23 6 3.3782458551036383 0.0017541448990701092 0 3.38080000000271
26 17 3.3783980140172476 0.0019019859854614296 0 3.3815000000027116
33 9 3.3784551172448056 0.002244882757904243 0 3.3823000000027132
32 14 3.3785010184766238 0.002498981526086741 0 3.383100000002715
40 8 3.3862105754596077 0.0017894245431175904 0 3.388800000002727
41 15 3.3881470896186707 0.0017529103840585591 0 3.390700000002731
34 4 3.396728164510979 0.0017718354917684032 1 3.399300000002749
36 18 3.3969039593549217 0.0018960406478263359 1 3.4000000000027506
24 6 3.4000350217650634 0.0017649782376909506 0 3.402600000002756
34 10 3.403729943793893 0.001770056208869164 1 3.406300000002764
33 12 3.412282263675187 0.001817736327593522 1 3.414900000002782
39 13 3.416202170333483 0.0017978296693055285 1 3.4188000000027903
22 5 3.42098576978776 0.0018142302150385703 1 3.4236000000028004
34 12 3.4321234563777847 0.00177654362503743 1 3.434700000002824
23 5 3.4374034961118105 0.001796503891022816 1 3.440000000002835
37 18 3.443646589791254 0.0017534102115925876 1 3.446200000002848
33 3 3.44374323816775 0.001956761835097076 1 3.4469000000028496
35 12 3.4449884896854392 0.0018115103174101144 1 3.4477000000028513
36 12 3.4601722221628286 0.0018277778400528355 1 3.462800000002883
42 15 3.465474021907849 0.001825978095043812 0 3.4681000000028943
34 9 3.4673493156724753 0.0017506843304211372 0 3.469900000002898
33 14 3.4691250335367196 0.001774966466180583 0 3.471700000002902
38 18 3.4708051083043094 0.0017948916985943697 1 3.4734000000029055
35 9 3.471256422947317 0.0017435770555875862 0 3.4738000000029063
33 16 3.4905820914354173 0.0018179085675282813 0 3.4932000000029473
32 2 3.4960540474292 0.0017459525737568704 0 3.4986000000029587
25 6 3.5058005594131996 0.0017994405897781007 0 3.5084000000029794
26 6 3.5102364756438615 0.0017635243591254124 0 3.5128000000029886
27 17 3.5132162518944208 0.0017837481085725138 0 3.515800000002995
31 0 3.514948125898692 0.0017518741043049957 1 3.5175000000029986
26 7 3.51672191244122 0.0017780875617807723 1 3.5193000000030024
43 15 3.5291129956952774 0.0017870043077494735 0 3.5317000000030285
40 13 3.5388753281611605 0.00182467184188706 1 3.541500000003049
36 9 3.540679767269657 0.001820232733394267 0 3.543300000003053
37 9 3.546591048186479 0.0018089518165846918 0 3.5492000000030655
34 3 3.5555521146572757 0.0017478853458068322 1 3.5581000000030842
33 2 3.5579143280187586 0.0017856719843289959 0 3.5605000000030893
28 17 3.5727105615695005 0.00178943843361834 0 3.5753000000031205
41 13 3.5764691123060004 0.001830887697126471 1 3.5791000000031286
37 12 3.5922887320848105 0.0018112679183497349 1 3.594900000003162
38 12 3.5924527893174116 0.001647210685748579 1 3.594900000003162
34 11 3.593591388167221 0.0018086118359419423 0 3.5962000000031646
35 4 3.600932424312866 0.001767575690312384 1 3.60350000000318
24 5 3.6074993830936513 0.0018006169095410307 1 3.610100000003194
34 2 3.6081276024695326 0.0017723975336609854 0 3.6107000000031952
42 13 3.6098911183870723 0.0018088816161250243 1 3.612500000003199
35 11 3.619703287853826 0.0017967121493920324 0 3.6223000000032197
25 5 3.630996203849778 0.0018037961534638214 1 3.6336000000032436
41 8 3.644031372176636 0.001768627826633118 0 3.646600000003271
35 3 3.652641819952655 0.0017581800506323297 1 3.655200000003289
38 9 3.658381029587965 0.001818970415334853 0 3.6610000000033014
36 11 3.6662005344541866 0.0017994655491295752 0 3.668800000003318
35 10 3.6671852484009446 0.0018147516023736543 1 3.66980000000332
35 2 3.6675260148505116 0.0017739851528073558 0 3.6701000000033206
32 0 3.6822406453292515 0.001759354674098379 1 3.6848000000033516
44 15 3.6840678181024056 0.0018321819009483598 0 3.6867000000033556
39 18 3.694162499886432 0.0017375001169428472 1 3.6967000000033767
36 3 3.710219873103181 0.0017801269002282183 1 3.7128000000034107
29 17 3.7295783790554204 0.001821620948029512 0 3.7322000000034516
26 5 3.729976662245516 0.001823337757934862 1 3.7326000000034525
45 15 3.749221052932405 0.0017789470710862787 0 3.751800000003493
37 3 3.749463316455674 0.0018366835478178523 1 3.7521000000034936
39 12 3.7508298092164294 0.0017701907870653066 1 3.7534000000034964
34 14 3.7521614426412473 0.0017385573622501482 0 3.754700000003499
35 14 3.7580612170126164 0.0017387829908934727 0 3.7606000000035116
30 17 3.758492543476439 0.0018074565270720377 0 3.761300000003513
37 11 3.762735006377611 0.0017649936259087617 0 3.7653000000035215
27 6 3.7668441854500627 0.0017558145534657399 0 3.76940000000353
31 17 3.768787942966739 0.0018120570367936573 0 3.7714000000035344
38 11 3.7719383621782767 0.0017616378252625076 0 3.774500000003541
46 15 3.7810952003937066 0.0018047996098520258 0 3.7837000000035603
40 18 3.7872217554030927 0.0017782446004788177 1 3.789800000003573
38 3 3.788192082498204 0.0018079175053697938 1 3.7908000000035753
32 17 3.7891683157613247 0.0018316842422509971 0 3.7918000000035774
36 14 3.812570851201459 0.001829148802166003 0 3.815200000003627
40 1 3.8217648778256024 0.001735122178041948 2 3.824300000003646
36 4 3.8363735815681754 0.0018264184354999102 1 3.839000000003677
41 1 3.836820506626587 0.0017794933770893806 2 3.839400000003678
36 2 3.8390720241575496 0.00182797584613148 0 3.8417000000036827
37 2 3.8425957682766594 0.0018042317270290376 0 3.84520000000369
41 18 3.8517381443924172 0.001761855611290386 1 3.8543000000037093
42 1 3.852894851985914 0.0018051480177962986 2 3.855500000003712
27 7 3.8559373357352635 0.0017626642684529514 1 3.858500000003718
36 10 3.8712804881165552 0.0018195118871937588 1 3.8739000000037507
33 0 3.876451799297914 0.0017482007058458038 1 3.8790000000037614
39 11 3.8825404043061864 0.0017595956975862137 0 3.8851000000037743
37 10 3.891201022382836 0.0017989776209548225 1 3.8938000000037927
38 2 3.897538274638095 0.001761725365709399 0 3.900100000003806
37 4 3.9052315348851416 0.0017684651186788969 1 3.907800000003822
34 0 3.915466434563703 0.0017335654401389178 1 3.9180000000038437
39 9 3.9529390808528437 0.0017609191510774558 0 3.955500000003923
39 2 3.9667739166478593 0.001826083356091246 0 3.969400000003952
38 4 3.9674088008927217 0.0017911991112300463 1 3.9700000000039535
40 2 3.9708146088749676 0.0017853911289913427 0 3.9734000000039607
41 2 3.9840938753616846 0.0018061246423024535 0 3.9867000000039887
28 7 3.9883523974112642 0.0017476025927316563 1 3.9909000000039976
42 8 3.992039265666815 0.0017607343371888184 0 3.9946000000040054
43 13 4.004814291474783 0.0017857085292183328 1 4.007400000003999
40 11 4.016294630345178 0.0018053696587960744 0 4.018900000003972
29 7 4.030017284720212 0.0017827152837304183 1 4.03260000000394
34 16 4.031070058305193 0.0018299416987463957 0 4.033700000003938
43 1 4.036506768094121 0.001793231909806181 2 4.039100000003925
40 12 4.041517121003971 0.0017828789999443373 1 4.044100000003914
44 13 4.052356823765766 0.0017431762381239224 1 4.054900000003888
44 1 4.053708096258281 0.001791903745606227 2 4.056300000003885
30 7 4.056218905968481 0.0017810940354001659 1 4.058800000003879
42 18 4.064887979034079 0.0018120209697816136 1 4.067500000003859
33 17 4.0671179019391595 0.0017820980646963136 0 4.069700000003854
27 5 4.0690651923843895 0.0017348076194618756 1 4.0716000000038495
28 5 4.069655018004241 0.0011449819996105504 1 4.0716000000038495
42 2 4.077031459656596 0.0017685403472365024 0 4.079600000003831
45 1 4.078209699408602 0.0017903005952275564 2 4.080800000003828
38 10 4.084338444269494 0.0017615557343217958 1 4.086900000003814
43 18 4.088665938335454 0.0017340616683512167 1 4.091200000003804
43 8 4.094400378503596 0.0017996215001963023 0 4.09700000000379
35 0 4.103609943949583 0.0017900560541876942 1 4.106200000003769
35 16 4.108110663448011 0.0017893365557490881 0 4.110700000003758
39 10 4.113212319931182 0.0017876800725664665 1 4.1158000000037465
36 16 4.117401420757792 0.0017985792459462857 0 4.120000000003737
44 18 4.120568292662023 0.001831707341708011 1 4.123200000003729
39 4 4.12520890173477 0.0017910982689501864 1 4.1278000000037185
40 9 4.13750464891923 0.001795351084461494 0 4.14010000000369
41 11 4.137676012623187 0.002023987380503911 0 4.140900000003688
43 2 4.145161693842035 0.0017383061616387252 0 4.147700000003672
42 11 4.172993033466124 0.0018069665374849109 0 4.175600000003607
44 8 4.177872028386119 0.0018279716174784966 0 4.180500000003596
31 7 4.181585384373885 0.001814615629704086 1 4.184200000003587
47 15 4.183961560220763 0.0017384397828204001 0 4.186500000003582
36 0 4.185347259795918 0.001752740207662029 1 4.187900000003578
40 4 4.19140772731612 0.0017922726874459727 1 4.194000000003564
43 11 4.192659694305257 0.0017403056983065213 0 4.195200000003561
44 2 4.1938439193574055 0.001756080646154956 0 4.196400000003559
45 13 4.2003654830925266 0.0017345169110187797 1 4.2029000000035435
37 0 4.2005217888340205 0.0019782111695239024 1 4.203700000003542
41 4 4.208549445342846 0.0017505546606804145 1 4.211100000003524
48 15 4.2128480678276095 0.0017519321759067452 0 4.215400000003514
38 0 4.2133445242643 0.0017554757392153064 1 4.215900000003513
49 15 4.216897239216702 0.0018027607868047468 0 4.219500000003505
44 11 4.220719943884635 0.0017800561188625608 0 4.223300000003496
37 16 4.2260510788100865 0.0017489211933989779 0 4.228600000003484
39 3 4.238793241650555 0.0018067583529006725 1 4.241400000003454
50 15 4.258174679639023 0.0018253203643876503 0 4.2608000000034085
32 7 4.260530156839748 0.0017698431636574696 1 4.263100000003403
45 2 4.267631380091504 0.0017686199118847057 0 4.270200000003387
39 0 4.267657730635816 0.002142269367571892 1 4.270500000003386
33 7 4.2696824885123 0.0018175114910832235 1 4.272300000003382
45 18 4.279373346181802 0.001826653821558999 1 4.282000000003359
34 7 4.284659107245699 0.0017408927576498812 1 4.287200000003347
42 4 4.288244562021637 0.0017554379817035226 1 4.290800000003339
29 5 4.290241916694606 0.0017580833087293968 1 4.292800000003334
30 5 4.312786793062065 0.0018132069412182261 1 4.315400000003281
40 10 4.317238631210039 0.001761368793234297 1 4.319800000003271
28 6 4.32145704598968 0.0017429540135829313 0 4.324000000003261
40 3 4.327990361249678 0.0018096387535697644 1 4.330600000003246
46 1 4.334598760454402 0.001801239548830047 2 4.3372000000032305
31 5 4.337419985163181 0.0017800148400448634 1 4.340000000003224
41 3 4.339764786951135 0.0017352130520853493 1 4.342300000003219
32 5 4.340475105781752 0.0018248942214666997 1 4.343100000003217
37 14 4.34185026668636 0.0017497333168554619 0 4.344400000003214
38 14 4.342968747774329 0.000631252228886936 0 4.344400000003214
43 4 4.3424534530812995 0.0017465469219146712 1 4.345000000003212
41 10 4.345681071973181 0.0018189280300253685 1 4.348300000003205
51 15 4.358710537262756 0.0017894627404198005 0 4.361300000003174
41 12 4.370972802090054 0.0018271979130934923 1 4.373600000003146
41 9 4.373601807927163 0.0017981920759782 0 4.37620000000314
42 10 4.383551607112335 0.0017483928907831014 1 4.3861000000031165
35 7 4.384723784608293 0.0017762153948224224 1 4.387300000003114
46 2 4.385800672829751 0.0017993271733622862 0 4.388400000003111
42 3 4.393673509121951 0.0018264908811431724 1 4.396300000003093
38 16 4.399715529583707 0.0017844704193734628 0 4.402300000003079
33 5 4.403874140701206 0.0018258593018645186 1 4.406500000003069
40 0 4.404764302608469 0.0017356973945998888 1 4.407300000003067
34 17 4.409638306179063 0.0017616938239948254 0 4.412200000003056
42 9 4.410625850382975 0.0017741496200800455 0 4.413200000003053
36 7 4.412402089142633 0.0017979108604180283 1 4.415000000003049
39 16 4.414583341921644 0.0018166580814016342 0 4.417200000003044
43 3 4.421575437604896 0.0018245623981334447 1 4.424200000003028
41 0 4.439899426246298 0.0018005737566886282 1 4.442500000002985
44 3 4.443022935439606 0.001777064563373898 1 4.445600000002978
37 7 4.449774611195939 0.0018253888070249857 1 4.452400000002962
38 7 4.451679388518208 0.0018206114847512112 1 4.454300000002958
47 1 4.455665725984525 0.00173427401842563 2 4.4582000000029485
39 7 4.473296011273187 0.0018039887297218726 1 4.475900000002907
43 9 4.474046784221462 0.00175321578144505 0 4.476600000002906
48 1 4.493757495967762 0.0017425040350991239 2 4.49630000000286
39 14 4.508253174682833 0.0017468253199943717 0 4.510800000002826
40 7 4.508818012474668 0.0017819875281581687 1 4.5114000000028245
44 9 4.537450010986202 0.0017499890165577625 0 4.540000000002758
45 3 4.540251576145056 0.0017484238576974676 1 4.542800000002751
40 16 4.542894649516136 0.0018053504866104575 0 4.545500000002745
35 17 4.544251856930831 0.0017481430719126223 0 4.546800000002742
34 5 4.548190080754938 0.0018099192477967208 1 4.550800000002733
46 18 4.55038031193568 0.0018196880670497961 1 4.5530000000027275
29 6 4.561691932609777 0.0018080673929263824 0 4.564300000002701
52 15 4.562967696365196 0.0018323036375038626 0 4.565600000002698
41 7 4.563833443448367 0.0017665565543314443 1 4.566400000002696
36 17 4.563878332658288 0.0018216673444095832 0 4.566500000002696
46 13 4.565970467648471 0.0018295323542218966 1 4.568600000002691
30 6 4.5681903710732055 0.001809628929482443 0 4.570800000002686
41 16 4.5687138758483155 0.0017861241543712936 0 4.571600000002684
42 7 4.5764510618379495 0.001748938164719327 1 4.579000000002667
49 1 4.615860049665652 0.001739950336925311 2 4.618400000002575
31 6 4.617146056046062 0.0017539439565119608 0 4.619700000002572
44 4 4.622443794716021 0.0017562052865409683 1 4.62500000000256
47 13 4.62259623022876 0.0020037697738004567 1 4.625800000002558
45 8 4.628793810895391 0.0018061891071559089 0 4.631400000002545
42 0 4.631142757352162 0.0017572426503793537 1 4.6337000000025395
42 16 4.636390352626472 0.0018096473760573772 0 4.639000000002527
43 10 4.648661938101357 0.0017380619011433396 1 4.651200000002499
50 1 4.6574169904831795 0.001783009519300549 2 4.660000000002478
45 9 4.662630530280419 0.0017694697220491662 0 4.665200000002466
47 18 4.663288147610323 0.0018118523921435425 1 4.665900000002464
40 14 4.672665268035775 0.0017347319666694005 0 4.675200000002443
43 7 4.672929045774985 0.0018709542274590873 1 4.675500000002442
44 10 4.70201356248814 0.0017864375142364608 1 4.704600000002374
48 18 4.703078535080472 0.0018214649219014944 1 4.705700000002372
46 3 4.7096636803956855 0.0017363196066728648 1 4.7122000000023565
45 10 4.718957732458651 0.0017422675436860047 1 4.721500000002335
45 11 4.722332589403674 0.0017674105986547062 0 4.724900000002327
46 9 4.731715249672132 0.001784750330174667 0 4.734300000002305
32 6 4.742417141959583 0.0017828580426986207 0 4.74500000000228
43 16 4.747487745879061 0.0018122541232088452 0 4.750100000002268
37 17 4.750706120669524 0.001793879332738335 0 4.753300000002261
46 10 4.7540509037909615 0.0017490962112933772 1 4.756600000002253
35 5 4.756407578304976 0.0017924216972735607 1 4.759000000002247
53 15 4.759537142109695 0.001762857892547487 0 4.76210000000224
36 5 4.761219312512698 0.0017806874895400782 1 4.763800000002236
51 1 4.763151647291406 0.0017483527108277386 2 4.765700000002232
52 1 4.7648014091852495 0.0017985908169801945 2 4.767400000002228
47 9 4.768967404333398 0.0018325956688221012 0 4.771600000002218
47 10 4.774963126225734 0.0017368737764718034 1 4.777500000002204
47 3 4.802498858789253 0.0018011412128888793 1 4.80510000000214
38 17 4.8039728786992715 0.0019271213028666523 0 4.806700000002136
44 16 4.806416550294332 0.0017834497078004219 0 4.809000000002131
42 12 4.80664362777605 0.001956372226081804 1 4.80930000000213
39 17 4.81138716091593 0.0018128390861908983 0 4.814000000002119
45 4 4.812726606330684 0.0017733936714341425 1 4.815300000002116
33 6 4.820762508351642 0.0017374916504575566 0 4.823300000002098
41 14 4.821600660584405 0.0017993394176922806 0 4.8242000000020955
37 5 4.8224767429874555 0.001823257014639701 1 4.825100000002093
47 2 4.825909105730857 0.0017908942712301368 0 4.8285000000020855
54 15 4.833892581932299 0.001807418069769362 0 4.836500000002067
46 8 4.84110326220222 0.0017967377998315825 0 4.84370000000205
47 8 4.845662346165804 0.0017376538362370297 0 4.8482000000020395
48 2 4.847244131695863 0.0017558683061746905 0 4.849800000002036
48 8 4.85332919492766 0.0017708050743632242 0 4.855900000002022
43 12 4.8549721876794125 0.001827812322606981 1 4.857600000002018
48 9 4.861740122749824 0.0017598772521800754 0 4.864300000002002
49 9 4.863612392450701 0.0017876075512983647 0 4.866200000001998
50 9 4.864977238834263 0.00042276116773631855 0 4.866200000001998
34 6 4.866770129637173 0.001829870364819186 0 4.86940000000199
55 15 4.873224948792762 0.0017750512092149506 0 4.875800000001975
46 4 4.8768587273912525 0.0017412726107162158 1 4.879400000001967
49 8 4.88083667004087 0.0017633299610890774 0 4.8834000000019575
49 2 4.880879217486404 0.0021207825155542537 0 4.884200000001956
48 13 4.886956803444027 0.00174319655791777 1 4.889500000001943
35 6 4.891742997639403 0.0017570023625310682 0 4.894300000001932
44 12 4.892717054658868 0.0017829453430637798 1 4.89530000000193
43 0 4.895072106945042 0.0018278930568840224 1 4.897700000001924
50 8 4.895502126997282 0.0017978730046435132 0 4.898100000001923
42 14 4.8970369986201865 0.0018630013817348967 0 4.8997000000019195
48 3 4.8983535138702505 0.0017464861316680569 1 4.900900000001917
49 3 4.906580034086183 0.001819965915716537 1 4.909200000001897
38 5 4.9099850623170385 0.0018149376848528576 1 4.9126000000018895
51 9 4.913391267584138 0.0018087324177455955 0 4.9160000000018815
48 10 4.914255053478061 0.001744946523820623 1 4.91680000000188
50 3 4.917318506098748 0.001781493903126652 1 4.919900000001872
45 12 4.919160954619445 0.0017390453824255303 1 4.921700000001868
51 3 4.924491398469604 0.0018086015322538174 1 4.927100000001856
44 0 4.925339500749853 0.0017604992520023899 1 4.927900000001854
56 15 4.9255137484551055 0.0017862515467497175 0 4.928100000001853
43 14 4.928405206351934 0.0017947936499140837 0 4.931000000001847
51 8 4.9383999428343435 0.0018000571674816612 0 4.941000000001823
39 5 4.941129535428055 0.0017704645737639524 1 4.943700000001817
57 15 4.948104537267564 0.0017954627342389173 0 4.950700000001801
49 18 4.952142687028777 0.0017573129730159565 1 4.954700000001791
58 15 4.952968096360927 0.0018319036408644962 0 4.955600000001789
45 16 4.953457406099034 0.0017425939027564397 0 4.956400000001787
52 8 4.953772961693881 0.001827038307908424 0 4.957100000001786
52 9 4.960559477909265 0.001740522092508634 0 4.963100000001772
36 6 4.961866355426163 0.0017336445756077623 0 4.964400000001769
50 2 4.964075390690066 0.0018246093116989215 0 4.966700000001763
53 8 4.96413999551744 0.002160004484323963 0 4.9675000000017615
51 2 4.980880159230202 0.0018198407715237508 0 4.983500000001724
54 8 4.983812563214654 0.0017874367870653884 0 4.9864000000017175
49 10 4.984594973239746 0.0018050267619713622 1 4.987200000001716
52 2 4.99474401403816 0.0017559859635341013 0 4.997300000001692
